1 -1077.94237812 
2 -1078.07803753 
3 -1078.17894071 
4 -1078.17888529 
5 -1078.15819739 
6 -1078.17537295 
7 -1078.16007137 
8 -1078.17020838 
9 -1078.17168122
10 -1078.16530812 
11 -1078.16776771 
12 -1078.16595015 
13 -1078.16663812 
14 -1078.17011908 
15 -1078.17129483 
16 -1078.16758919 
17 -1078.16937300 
18 -1078.16867152 
19 -1078.16700948 
20 -1078.16841705 
21 -1078.16888961 
22 -1078.16922016 
23 -1078.16801118 
24 -1078.16895146 
25 -1078.16824007 
26 -1078.16848984 
27 -1078.16842109 
28 -1078.16847959 
29 -1078.16860794 
30 -1078.16768631 

