1  -942.68422636 
2  -942.89344564 
3  -942.83477948 
4  -942.78088981 
5  -942.78751241 
6  -942.78490088 
7  -942.79184484 
8  -942.78865465 
9  -942.77879327
10  -942.79110843 
11  -942.78575301 
12  -942.78585731 
13  -942.78754067 
14  -942.78777193 
15  -942.78778306 
16  -942.78603539 
17  -942.78717306 
18  -942.78558798 
19  -942.78764819
20  -942.78786145 
21  -942.78745840 
22  -942.78749848 
23  -942.78758278 
24  -942.78845921 
25  -942.78881100 
26  -942.78684403 
27  -942.78678576 
28  -942.78782531 
29  -942.78729474 
30  -942.78761743 

