# Energy (eV) # Matrix elm 1 (a.u.) # Matrix elm 2 (a.u.)
1.1 0 0
1.105025135 0 0
1.11005027 0 0
1.115075405 0 0
1.120100541 0 0
1.125125676 0 0
1.130150811 0 0
1.135175946 0 0
1.140201081 0 0
1.145226216 0 0
1.150251351 0 0
1.155276486 0 0
1.160301622 0 0
1.165326757 0 0
1.170351892 0 0
1.175377027 0 0
1.180402162 0 0
1.185427297 0 0
1.190452432 0 0
1.195477568 0 0
1.200502703 0 0
1.205527838 0 0
1.210552973 0 0
1.215578108 0 0
1.220603243 0 0
1.225628378 0 0
1.230653514 0 0
1.235678649 0 0
1.240703784 0 0
1.245728919 0 0
1.250754054 0 0
1.255779189 0 0
1.260804324 0 0
1.265829459 0 0
1.270854595 0 0
1.27587973 0 0
1.280904865 0 0
1.28593 0 0
1.290955135 0 0
1.29598027 0 0
1.301005405 0 0
1.306030541 0 0
1.311055676 0 0
1.316080811 0 0
1.321105946 0 0
1.326131081 0 0
1.331156216 0 0
1.336181351 0 0
1.341206486 0 0
1.346231622 0 0
1.351256757 0 0
1.356281892 0 0
1.361307027 0 0
1.366332162 0 0
1.371357297 0 0
1.376382432 0 0
1.381407568 0 0
1.386432703 0 0
1.391457838 0 0
1.396482973 0 0
1.401508108 0 0
1.406533243 0 0
1.411558378 0 0
1.416583514 0 0
1.421608649 0 0
1.426633784 0 0
1.431658919 0 0
1.436684054 0 0
1.441709189 0 0
1.446734324 0 0
1.451759459 0 0
1.456784595 0 0
1.46180973 0 0
1.466834865 0 0
1.47186 0 0
1.476885135 0 0
1.48191027 0 0
1.486935405 0 0
1.491960541 0 0
1.496985676 0 0
1.502010811 0 0
1.507035946 0 0
1.512061081 0 0
1.517086216 0 0
1.522111351 0 0
1.527136486 0 0
1.532161622 0 0
1.537186757 0 0
1.542211892 0 0
1.547237027 0 0
1.552262162 0 0
1.557287297 0 0
1.562312432 0 0
1.567337568 0 0
1.572362703 0 0
1.577387838 0.99638 0
1.582412973 0.948498 0
1.587438108 0.912288 0
1.592463243 0.879017 0
1.597488378 0.845923 0
1.602513514 0.810388 0
1.607538649 0.772299 0
1.612563784 0.738861 0
1.617588919 0.713106 0
1.622614054 0.692177 0
1.627639189 0.673295 0
1.632664324 0.655395 0
1.637689459 0.638177 0
1.642714595 0.620912 0
1.64773973 0.602477 0
1.652764865 0.582858 0
1.65779 0.563897 0
1.662815135 0.547631 0
1.66784027 0.534567 0
1.672865405 0.5239 0
1.677890541 0.51448 0
1.682915676 0.505418 0
1.687940811 0.496263 0
1.692965946 0.486943 0
1.697991081 0.477604 0
1.703016216 0.468434 0
1.708041351 0.459555 0
1.713066486 0.451001 0
1.718091622 0.44276 0
1.723116757 0.434825 0
1.728141892 0.427231 0
1.733167027 0.420048 0
1.738192162 0.413347 0
1.743217297 0.407165 0
1.748242432 0.401487 0
1.753267568 0.396253 0
1.758292703 0.391378 0
1.763317838 0.386769 0
1.768342973 0.382341 0
1.773368108 0.378026 0
1.778393243 0.373774 0
1.783418378 0.369556 0
1.788443514 0.365363 0
1.793468649 0.361204 0
1.798493784 0.357099 0
1.803518919 0.353079 0
1.808544054 0.349177 0
1.813569189 0.345422 0
1.818594324 0.341838 0
1.823619459 0.338437 0
1.828644595 0.335221 0
1.83366973 0.332183 0
1.838694865 0.329311 0
1.84372 0.326586 0
1.848745135 0.323987 0
1.85377027 0.321496 0
1.858795405 0.319094 0
1.863820541 0.316765 0
1.868845676 0.314495 0
1.873870811 0.312274 0
1.878895946 0.310095 0
1.883921081 0.307953 0
1.888946216 0.305847 0
1.893971351 0.303777 0
1.898996486 0.301747 0
1.904021622 0.299762 0
1.909046757 0.297825 0
1.914071892 0.295944 0
1.919097027 0.294122 0
1.924122162 0.292362 0
1.929147297 0.290667 0
1.934172432 0.289036 0
1.939197568 0.287468 0
1.944222703 0.285961 0
1.949247838 0.284509 0.0169442
1.954272973 0.283109 0.0165416
1.959298108 0.281755 0.0161928
1.964323243 0.280444 0.0159937
1.969348378 0.279169 0.0156648
1.974373514 0.277928 0.0153983
1.979398649 0.276717 0.0151898
1.984423784 0.275534 0.0148802
1.989448919 0.274376 0.014575
1.994474054 0.273243 0.0143031
1.999499189 0.272134 0.0140547
2.004524324 0.27105 0.0138654
2.009549459 0.26999 0.0137074
2.014574595 0.268955 0.0135631
2.01959973 0.267947 0.0134077
2.024624865 0.266965 0.0132351
2.02965 0.266009 0.0130551
2.034675135 0.265081 0.0128579
2.03970027 0.26418 0.012656
2.044725405 0.263306 0.0124897
2.049750541 0.262458 0.0123557
2.054775676 0.261636 0.0122267
2.059800811 0.260838 0.0120918
2.064825946 0.260063 0.0119534
2.069851081 0.259311 0.0118183
2.074876216 0.258579 0.0116939
2.079901351 0.257868 0.0115821
2.084926486 0.257176 0.0114767
2.089951622 0.256502 0.0113698
2.094976757 0.255846 0.0112578
2.100001892 0.255206 0.0111439
2.105027027 0.254583 0.0110365
2.110052162 0.253975 0.0109429
2.115077297 0.253383 0.0108642
2.120102432 0.252806 0.010796
2.125127568 0.252244 0.0107319
2.130152703 0.251697 0.010667
2.135177838 0.251165 0.0105961
2.140202973 0.250647 0.010512
2.145228108 0.250143 0.0104097
2.150253243 0.249653 0.0102955
2.155278378 0.249177 0.0101868
2.160303514 0.248714 0.010096
2.165328649 0.248265 0.0100215
2.170353784 0.247828 0.00995513
2.175378919 0.247404 0.00988896
2.180404054 0.246992 0.00981901
2.185429189 0.246593 0.00974688
2.190454324 0.246205 0.00967902
2.195479459 0.245828 0.00962287
2.200504595 0.245462 0.009582
2.20552973 0.245107 0.00955379
2.210554865 0.244762 0.0095309
2.21558 0.244428 0.00950495
2.220605135 0.244103 0.00947035
2.22563027 0.243789 0.00942663
2.230655405 0.243483 0.00937793
2.235680541 0.243187 0.00933012
2.240705676 0.242899 0.00928723
2.245730811 0.24262 0.00924962
2.250755946 0.242349 0.00921424
2.255781081 0.242086 0.00917645
2.260806216 0.241831 0.00913217
2.265831351 0.241583 0.0090796
2.270856486 0.241342 0.00901999
2.275881622 0.241107 0.00895726
2.280906757 0.240878 0.00889652
2.285931892 0.240655 0.00884225
2.290957027 0.240437 0.00879701
2.295982162 0.240223 0.00876113
2.301007297 0.240013 0.00873336
2.306032432 0.239806 0.00871182
2.311057568 0.239602 0.00869485
2.316082703 0.239399 0.00868148
2.321107838 0.239198 0.00867142
2.326132973 0.238998 0.00866476
2.331158108 0.238797 0.00866154
2.336183243 0.238595 0.00866139
2.341208378 0.238391 0.00866338
2.346233514 0.238185 0.00866611
2.351258649 0.237975 0.00866794
2.356283784 0.237762 0.00866734
2.361308919 0.237543 0.00866325
2.366334054 0.237319 0.00865517
2.371359189 0.237088 0.0086432
2.376384324 0.23685 0.00862782
2.381409459 0.236605 0.0086097
2.386434595 0.23635 0.00858954
2.39145973 0.236087 0.00856807
2.396484865 0.235814 0.00854609
2.40151 0.235531 0.00852455
