1 -3700.36385480 
2 -3701.33703151 
3 -3701.37033180 
4 -3701.31499632 
5 -3701.28507456 
6 -3701.29370388 
7 -3701.30891718 
8 -3701.31617886 
9 -3701.30029129
10 -3701.28886689 
11 -3701.30672915 
12 -3701.31037487 
13 -3701.30818437 
14 -3701.30629101 
15 -3701.30248514 
16 -3701.30375788 
17 -3701.30377296 
18 -3701.30412631 
19 -3701.30528243
20 -3701.30453655 
21 -3701.30347288 
22 -3701.30403922 
23 -3701.30409702 
24 -3701.30274779 
25 -3701.30438626 
26 -3701.30491793 
27 -3701.30256723 

