1  -149.90664248 
2  -150.64699946 
3  -150.68314981 
4  -150.71263704 
5  -150.69814696 
6  -150.70045470 
7  -150.69878749 
8  -150.70009408 
9  -150.69962986
10  -150.70039042
11  -150.70053375
12  -150.70198053
13  -150.70071148
14  -150.70151645
15  -150.70153545
16  -150.70076396 
17  -150.70184718 
18  -150.70107761 
19  -150.70133109 
20  -150.70136921 
21  -150.70153625 
22  -150.70128353 
23  -150.70152370 
24  -150.70108078 
25  -150.70132236 
26  -150.70108955 
27  -150.70107562 
28  -150.70127093 
29  -150.70114782 
30  -150.70106504 
