# xyscan Version 3.3.1
# Date: Thu Mar 10 16:17:32 2016
# Scanned by: sponce
# Source: /home/sponce/Dropbox/MoS2/MgB2/wang2001.png
# Comment: 
# Format: x y -dx +dx -dy +dy
1.31013	-0.661951	0	0	0	0	
1.35107	-0.677317	0	0	0	0	
1.43296	-0.692683	0	0	0	0	
1.51484	-0.708049	0	0	0	0	
1.59672	-0.723415	0	0	0	0	
1.76049	-0.73439	0	0	0	0	
1.92426	-0.747561	0	0	0	0	
2.29273	-0.760732	0	0	0	0	
2.41556	-0.769512	0	0	0	0	
2.70215	-0.773902	0	0	0	0	
2.9478	-0.773902	0	0	0	0	
3.19345	-0.760732	0	0	0	0	
3.48004	-0.751951	0	0	0	0	
3.80757	-0.740976	0	0	0	0	
3.88946	-0.732195	0	0	0	0	
4.09417	-0.723415	0	0	0	0	
4.21699	-0.710244	0	0	0	0	
4.54452	-0.686098	0	0	0	0	
4.66735	-0.672927	0	0	0	0	
4.87206	-0.657561	0	0	0	0	
4.99488	-0.64439	0	0	0	0	
5.15865	-0.629024	0	0	0	0	
5.69089	-0.587317	0	0	0	0	
5.8956	-0.569756	0	0	0	0	
6.14125	-0.560976	0	0	0	0	
6.26407	-0.547805	0	0	0	0	
6.3869	-0.534634	0	0	0	0	
6.67349	-0.523659	0	0	0	0	
6.79632	-0.519268	0	0	0	0	
7.00102	-0.499512	0	0	0	0	
7.32856	-0.481951	0	0	0	0	
7.49232	-0.477561	0	0	0	0	
7.61515	-0.46878	0	0	0	0	
7.77892	-0.45561	0	0	0	0	
8.22927	-0.431463	0	0	0	0	
8.63869	-0.411707	0	0	0	0	
8.88434	-0.398537	0	0	0	0	
9.17093	-0.396341	0	0	0	0	
9.29376	-0.385366	0	0	0	0	
9.41658	-0.376585	0	0	0	0	
9.53941	-0.37	0	0	0	0	
9.62129	-0.367805	0	0	0	0	
9.86694	-0.36122	0	0	0	0	
9.94882	-0.354634	0	0	0	0	
10.1535	-0.348049	0	0	0	0	
10.2354	-0.345854	0	0	0	0	
10.3992	-0.339268	0	0	0	0	
10.4811	-0.332683	0	0	0	0	
10.6448	-0.323902	0	0	0	0	
10.7677	-0.312927	0	0	0	0	
11.0952	-0.306341	0	0	0	0	
11.218	-0.301951	0	0	0	0	
11.259	-0.297561	0	0	0	0	
11.3818	-0.295366	0	0	0	0	
11.5455	-0.290976	0	0	0	0	
11.6684	-0.286585	0	0	0	0	
11.7912	-0.28	0	0	0	0	
11.955	-0.27561	0	0	0	0	
12.1597	-0.266829	0	0	0	0	
12.3644	-0.260244	0	0	0	0	
12.5281	-0.253659	0	0	0	0	
12.7329	-0.242683	0	0	0	0	
12.8557	-0.236098	0	0	0	0	
13.1013	-0.227317	0	0	0	0	
13.2651	-0.218537	0	0	0	0	
13.5107	-0.209756	0	0	0	0	
13.7155	-0.196585	0	0	0	0	
14.043	-0.187805	0	0	0	0	
14.2477	-0.176829	0	0	0	0	
14.4115	-0.168049	0	0	0	0	
14.5752	-0.157073	0	0	0	0	
14.6981	-0.150488	0	0	0	0	
14.6981	-0.141707	0	0	0	0	
15.0256	-0.121951	0	0	0	0	
15.435	-0.119756	0	0	0	0	
15.7625	-0.113171	0	0	0	0	
16.131	-0.1	0	0	0	0	
16.2129	-0.0978049	0	0	0	0	
16.3767	-0.0912195	0	0	0	0	
16.5404	-0.082439	0	0	0	0	
16.7451	-0.0714634	0	0	0	0	
17.0317	-0.0560976	0	0	0	0	
17.0727	-0.0539024	0	0	0	0	
17.1136	-0.0517073	0	0	0	0	
17.2774	-0.0429268	0	0	0	0	
17.3183	-0.0407317	0	0	0	0	
17.3593	-0.0385366	0	0	0	0	
17.523	-0.0341463	0	0	0	0	
17.8096	-0.0231707	0	0	0	0	
17.8915	-0.0209756	0	0	0	0	
17.9324	-0.0187805	0	0	0	0	
17.9324	-0.0165854	0	0	0	0	
18.1781	-0.00780488	0	0	0	0	
18.3419	0.0119512	0	0	0	0	
18.7922	0.0185366	0	0	0	0	
18.6694	0.0317073	0	0	0	0	
18.956	0.0360976	0	0	0	0	
19.2016	0.0404878	0	0	0	0	
19.3654	0.0558537	0	0	0	0	
19.4882	0.0580488	0	0	0	0	
19.7748	0.0712195	0	0	0	0	
20.2252	0.0821951	0	0	0	0	
20.2661	0.0843902	0	0	0	0	
20.3071	0.101951	0	0	0	0	
20.5118	0.112927	0	0	0	0	
20.9621	0.117317	0	0	0	0	
21.0031	0.128293	0	0	0	0	
21.2897	0.123902	0	0	0	0	
21.4944	0.137073	0	0	0	0	
21.6991	0.141463	0	0	0	0	
22.0266	0.148049	0	0	0	0	
22.0266	0.150244	0	0	0	0	
22.1494	0.154634	0	0	0	0	
22.2723	0.16122	0	0	0	0	
22.3132	0.167805	0	0	0	0	
22.5589	0.17439	0	0	0	0	
22.8454	0.185366	0	0	0	0	
23.132	0.185366	0	0	0	0	
23.132	0.194146	0	0	0	0	
23.2549	0.194146	0	0	0	0	
23.5005	0.205122	0	0	0	0	
23.4596	0.213902	0	0	0	0	
23.7871	0.224878	0	0	0	0	
23.9509	0.220488	0	0	0	0	
23.869	0.240244	0	0	0	0	
24.565	0.25122	0	0	0	0	
24.9335	0.262195	0	0	0	0	
25.1791	0.279756	0	0	0	0	
25.3838	0.286341	0	0	0	0	
25.5067	0.297317	0	0	0	0	
25.5885	0.301707	0	0	0	0	
25.7114	0.299512	0	0	0	0	
25.8751	0.306098	0	0	0	0	
26.1617	0.314878	0	0	0	0	
26.3255	0.319268	0	0	0	0	
26.5302	0.332439	0	0	0	0	
26.5302	0.334634	0	0	0	0	
26.9806	0.35	0	0	0	0	
27.1443	0.356585	0	0	0	0	
27.349	0.363171	0	0	0	0	
27.5128	0.367561	0	0	0	0	
27.5537	0.371951	0	0	0	0	
27.7994	0.385122	0	0	0	0	
28.045	0.393902	0	0	0	0	
28.2088	0.398293	0	0	0	0	
28.2497	0.398293	0	0	0	0	
28.4954	0.411463	0	0	0	0	
28.7001	0.415854	0	0	0	0	
28.8229	0.424634	0	0	0	0	
28.9867	0.429024	0	0	0	0	
29.1505	0.43561	0	0	0	0	
29.2733	0.44	0	0	0	0	
29.478	0.446585	0	0	0	0	
29.5599	0.450976	0	0	0	0	
29.7236	0.455366	0	0	0	0	
29.7646	0.459756	0	0	0	0	
29.8465	0.461951	0	0	0	0	
29.9693	0.466341	0	0	0	0	
30.0102	0.470732	0	0	0	0	
30.1331	0.475122	0	0	0	0	
30.2149	0.481707	0	0	0	0	
30.2968	0.486098	0	0	0	0	
30.4197	0.492683	0	0	0	0	
30.5425	0.497073	0	0	0	0	
30.6653	0.503659	0	0	0	0	
31.3613	0.519024	0	0	0	0	
31.4023	0.52561	0	0	0	0	
31.5251	0.527805	0	0	0	0	
31.6888	0.53	0	0	0	0	
31.7707	0.532195	0	0	0	0	
31.8936	0.540976	0	0	0	0	
32.0983	0.545366	0	0	0	0	
32.1801	0.551951	0	0	0	0	
32.3439	0.554146	0	0	0	0	
32.4667	0.558537	0	0	0	0	
32.5896	0.565122	0	0	0	0	
32.7943	0.569512	0	0	0	0	
32.999	0.576098	0	0	0	0	
33.2446	0.582683	0	0	0	0	
33.3675	0.587073	0	0	0	0	
33.4084	0.591463	0	0	0	0	
33.5722	0.593659	0	0	0	0	
33.6131	0.598049	0	0	0	0	
33.7769	0.598049	0	0	0	0	
33.8178	0.602439	0	0	0	0	
33.9816	0.602439	0	0	0	0	
34.1044	0.606829	0	0	0	0	
34.3091	0.606829	0	0	0	0	
34.5138	0.606829	0	0	0	0	
34.6776	0.606829	0	0	0	0	
34.7185	0.604634	0	0	0	0	
34.7595	0.604634	0	0	0	0	
34.9642	0.604634	0	0	0	0	
35.0461	0.598049	0	0	0	0	
35.2098	0.591463	0	0	0	0	
35.4145	0.582683	0	0	0	0	
35.4964	0.576098	0	0	0	0	
35.5374	0.576098	0	0	0	0	
35.6192	0.569512	0	0	0	0	
35.7421	0.560732	0	0	0	0	
35.9058	0.549756	0	0	0	0	
35.9877	0.536585	0	0	0	0	
36.0696	0.523415	0	0	0	0	
36.1515	0.516829	0	0	0	0	
36.1924	0.508049	0	0	0	0	
36.2743	0.497073	0	0	0	0	
36.2743	0.490488	0	0	0	0	
36.3153	0.481707	0	0	0	0	
36.3971	0.472927	0	0	0	0	
36.3971	0.464146	0	0	0	0	
36.4381	0.450976	0	0	0	0	
36.479	0.442195	0	0	0	0	
36.52	0.43561	0	0	0	0	
36.6018	0.429024	0	0	0	0	
36.6018	0.420244	0	0	0	0	
36.6837	0.400488	0	0	0	0	
36.7247	0.380732	0	0	0	0	
36.8066	0.35878	0	0	0	0	
36.8475	0.334634	0	0	0	0	
36.9294	0.312683	0	0	0	0	
37.0113	0.284146	0	0	0	0	
37.0931	0.26	0	0	0	0	
37.1341	0.229268	0	0	0	0	
37.216	0.209512	0	0	0	0	
37.2979	0.176585	0	0	0	0	
37.3797	0.150244	0	0	0	0	
37.4207	0.123902	0	0	0	0	
37.5026	0.0997561	0	0	0	0	
37.5844	0.0756098	0	0	0	0	
37.6254	0.0536585	0	0	0	0	
37.6254	0.0404878	0	0	0	0	
37.6663	0.0317073	0	0	0	0	
37.7482	0.0229268	0	0	0	0	
37.7482	0.0119512	0	0	0	0	
37.8301	0.00536585	0	0	0	0	
37.871	0.00317073	0	0	0	0	
38.0348	0.00097561	0	0	0	0	
38.1167	0.00097561	0	0	0	0	
38.1986	0.00097561	0	0	0	0	
38.3214	0.00097561	0	0	0	0	
38.3623	0.00097561	0	0	0	0	
38.4033	-0.00341463	0	0	0	0	
38.4442	-0.00341463	0	0	0	0	
38.6899	-0.00341463	0	0	0	0	
38.8536	-0.00121951	0	0	0	0	
39.0993	-0.00121951	0	0	0	0	
39.1402	-0.00121951	0	0	0	0	
39.2631	-0.00121951	0	0	0	0	
39.3859	-0.00121951	0	0	0	0	
39.4678	-0.00121951	0	0	0	0	
39.5906	-0.00121951	0	0	0	0	
39.7134	-0.00121951	0	0	0	0	
39.8362	-0.00121951	0	0	0	0	
# EoF
