1  -310.26202450 
2  -310.22834963 
3  -310.26585173 
4  -310.25060665 
5  -310.26251518 
6  -310.27370130 
7  -310.27213077 
8  -310.26893797 
9  -310.26718186
10  -310.26798411 
11  -310.27405404 
12  -310.26986530 
13  -310.27196548 
14  -310.27235367 
15  -310.26894473 
16  -310.27050007 
17  -310.26908116 
18  -310.27044861 
19  -310.26966617 
20  -310.26954465 
21  -310.27005992 
22  -310.27002717 
23  -310.27007823 
24  -310.27002500 
25  -310.27047077 
26  -310.27098713 
27  -310.27051945 
28  -310.26993866 
29  -310.27037941 
30  -310.26982267 

