-165.97755875
-426.54467793750
-1238.64348327375
-355.18103102500
-468.45367172250
-270.01828529500
-339.07495238500
-94.60377909000
-293.10792373
-129.24336056000
-163.84803583000
-198.41595413250
-40.47430234000
-550.04143284000
-455.36005109500
-279.97176976250
-314.55971887000
-287.53794885000
-453.55466089000
-766.18420671000
-496.14946798250
-692.19934721750
-484.56509464750
-206.52317185625
-372.52978107000
-414.51556199000
-135.04833078000
-333.84560394750
-204.61130021000
-239.25887667500
-75.35385955000
-144.55621472750
-179.14723821000
-69.153995144
-1530.54939898
