-165.97755875
-426.54467793750
-1234.05528973750
-355.18103102500
-464.55501010750
-268.05502171500
-335.84433656500
-94.60377909000
-291.16638896000
-128.59023247000
-162.56255300000
-196.53625422250
-40.47430234000
-546.09822541500
-451.43365787750
-278.00603899250
-311.94816134250
-287.53794885000
-453.55466089000
-760.27107196000
-492.19958523750
-685.08959660750
-481.29937572000
-206.52317185625
-372.52978107000
-410.60903737000
-135.04833078000
-331.89810396000
-203.30293666500
-237.29727343000
-74.69552319000
-142.64400923
-176.59659798000
-67.91330724000
-1530.54939898
