-165.97755875
-426.54467793750
-1405.47029816625
-355.18103102500
-611.54267597500
-341.53467165833
-458.35170796500
-94.60377909000
-364.67338551000
-153.10017639000
-211.56094123000
-270.07661715500
-40.47430234000
-693.01647617000
-598.35796752250
-351.47127318750
-409.91298711500
-287.53794885000
-453.55466089000
-980.64863995500
-639.09779210750
-954.59372983500
-603.75683259000
-206.52317185625
-372.52978107000
-557.61938195500
-135.04833078000
-405.39260150750
-252.28247793000
-310.77048740500
-99.17678099000
-216.14759338500
-274.62685429250
-116.95183876000
-1530.54939898
