-165.97755875
-417.16706052000
-1405.47029816625
-336.37559692000
-602.13973813250
-341.53467165833
-458.35170796500
-85.19012161000
-345.76985149500
-143.65746568500
-202.14021506000
-260.61449848500
-40.47430234000
-683.55588488000
-598.35796752250
-342.01405192750
-400.48614083500
-287.53794885000
-453.55466089000
-980.64863995500
-639.09779210750
-935.79307689000
-584.86199492000
-206.52317185625
-372.52978107000
-557.61938195500
-125.69504008000
-386.48438467000
-242.82394807000
-301.35225848500
-99.17678099000
-216.14759338500
-274.62685429250
-116.95183876000
-1530.54939898
