-165.97755875
-417.16706052000
-1238.64348327375
-336.37559692000
-459.059032113
-270.01828529500
-339.07495238500
-85.19012161000
-274.14250917500
-119.79250938750
-154.40996139000
-189.01294154500
-40.47430234000
-540.54325528000
-455.36005109500
-270.48544626250
-305.11812961750
-287.53794885000
-453.55466089000
-766.18420671000
-496.14946798250
-673.41283226750
-465.66114790000
-206.52317185625
-372.52978107000
-414.51556199000
-125.69504008000
-314.89563099750
-195.12263108500
-229.81639349000
-75.35385955000
-144.55621472750
-179.14723821000
-69.153995144
-1530.54939898
