-165.97755875
-417.16706052000
-1234.05528973750
-336.37559692000
-455.15420918750
-268.05502171500
-335.84433656500
-85.19012161000
-272.22657869500
-119.14790562000
-153.11518130000
-187.08752495500
-40.47430234000
-536.61553883000
-451.43365787750
-268.53011962000
-302.50915000500
-287.53794885000
-453.55466089000
-760.27107196000
-492.19958523750
-666.29056486750
-462.39100533250
-206.52317185625
-372.52978107000
-410.60903737000
-125.69504008000
-312.96164067000
-193.82592684000
-227.86243250000
-74.69552319000
-142.64400923
-176.59659798000
-67.91330724000
-1530.54939898
