-165.97755875
-449.00636458000
-1234.05528973750
-400.07416451500
-487.04070847000
-268.05502171500
-335.84433656500
-117.06698326000
-336.10082429000
-151.05636076000
-185.04507712000
-219.01944089250
-40.47430234000
-568.55266918000
-451.43365787750
-300.46266488750
-334.44455565750
-287.53794885000
-453.55466089000
-760.27107196000
-492.19958523750
-730.05284409000
-526.23874579500
-206.52317185625
-372.52978107000
-410.60903737000
-157.46056314000
-376.83308976000
-225.75495737500
-259.76440294000
-74.69552319000
-142.64400923
-176.59659798000
-67.91330724000
-1530.54939898
