-165.97755875
-449.00636458000
-1238.64348327375
-400.07416451500
-490.95663873750
-270.01828529500
-339.07495238500
-117.06698326000
-338.07477570000
-151.71354599000
-186.35123964000
-220.92417714250
-40.47430234000
-572.50810663000
-455.36005109500
-302.44036214500
-337.07720478500
-287.53794885000
-453.55466089000
-766.18420671000
-496.14946798250
-737.20176854250
-529.52945904500
-206.52317185625
-372.52978107000
-414.51556199000
-157.46056314000
-378.80388705000
-227.07218753000
-261.72555879000
-75.35385955000
-144.55621472750
-179.14723821000
-69.153995144
-1530.54939898
