-165.97755875
-449.00636458000
-1405.47029816625
-400.07416451500
-634.01005384250
-341.53467165833
-458.35170796500
-117.06698326000
-409.57863187500
-175.56194770167
-234.04109094000
-292.54652273250
-40.47430234000
-715.45521856000
-598.35796752250
-373.91820576250
-432.40757713500
-287.53794885000
-453.55466089000
-980.64863995500
-639.09779210750
-999.51791232250
-648.67622390250
-206.52317185625
-372.52978107000
-557.61938195500
-157.46056314000
-450.30815740000
-274.72650233500
-333.22889208500
-99.17678099000
-216.14759338500
-274.62685429250
-116.95183876000
-1530.54939898
