-192.37036098667
-479.32519628750
-1396.83189831625
-1800.64170496500
-381.54891910500
-494.79837912000
-227.02924522625
-296.37393795500
-365.54801745000
-94.60377909000
-293.10792373000
-129.24336056000
-163.84803583000
-198.41595413250
-40.47430234000
-576.40127386000
-481.77066823500
-279.97176976250
-314.55971887000
-313.92910391000
-506.34474659000
-818.91563827000
-522.50158878000
-692.19934721750
-484.56509464750
-232.91830425750
-425.29013193000
-440.99525120000
-135.04833078000
-333.84560394750
-204.61130021000
-239.25887667500
-75.35385955000
-144.55621472750
-179.14723821000
-69.15380655875
-192.37036098667
-501.79982296250
-1396.83189831625
-1800.64170496500
-426.50245524500
-517.30207740250
-227.02924522625
-296.37393795500
-365.54801745000
-117.06698326000
-338.07477570000
-151.71354599000
-186.35123964000
-220.92417714250
-40.47430234000
-598.86675158000
-481.77066823500
-302.44036214500
-337.07720478500
-313.92910391000
-506.34474659000
-818.91563827000
-522.50158878000
-737.20176854250
-529.52945904500
-232.91830425750
-425.29013193000
-440.99525120000
-157.46056314000
-378.80388705000
-227.07218753000
-261.72555879000
-75.35385955000
-144.55621472750
-179.14723821000
-69.15380655875
-2331.60260392
