-192.37036098667
-479.32519628750
-1563.68352436875
-381.54891910500
-637.89272920000
-367.89153256333
-484.74502680500
-94.60377909000
-364.67338551000
-153.10017639000
-211.56094123000
-270.07661715500
-40.47430234000
-719.37593650500
-624.74568270000
-351.47127318750
-409.91298711500
-313.92910391000
-506.34474659000
-1033.37130056500
-665.45311746500
-954.59372983500
-603.75683259000
-232.91830425750
-425.29013193000
-583.98556164500
-135.04833078000
-405.39260150750
-252.28247793000
-310.77048740500
-99.17678099000
-216.14759338500
-274.62685429250
-116.95183876000
-1741.69866967
