-192.37036098667
-479.32519628750
-1392.24687678000
-381.54891910500
-490.90005302500
-294.40183585750
-362.27106770000
-94.60377909000
-291.16638896000
-128.59023247000
-162.56255300000
-196.53625422250
-40.47430234000
-572.4565275200
-477.83178088500
-278.00603899250
-311.94816134250
-313.92910391000
-506.34474659000
-812.99981317000
-518.55164997500
-685.08959660750
-481.29937572000
-232.91830425750
-425.29013193000
-437.04588694500
-135.04833078000
-331.89810396000
-203.30293666500
-237.29727343000
-74.69552319000
-142.64400923
-176.59659798000
-67.91330724000
-1741.69866967
