-192.37036098667
-479.32519628750
-1396.83189831625
-381.54891910500
-494.79837912000
-296.37393795500
-365.54801745000
-94.60377909000
-293.10792373
-129.24336056000
-163.84803583000
-198.41595413250
-40.47430234000
-576.40127386000
-481.77066823500
-279.97176976250
-314.55971887000
-313.92910391000
-506.34474659000
-818.91563827000
-522.50158878000
-692.19934721750
-484.56509464750
-232.91830425750
-425.29013193000
-440.99525120000
-135.04833078000
-333.84560394750
-204.61130021000
-239.25887667500
-75.35385955000
-144.55621472750
-179.14723821000
-69.153995144
-1741.69866967
