-192.37036098667
-469.95450030000
-1392.24687678000
-362.73598805000
-481.49940162500
-294.40183585750
-362.27106770000
-85.19012161000
-272.22657869500
-119.14790562000
-153.11518130000
-187.08752495500
-40.47430234000
-562.98089488000
-477.83178088500
-268.53011962000
-302.50915000500
-313.92910391000
-506.34474659000
-812.99981317000
-518.55164997500
-666.29056486750
-462.39100533250
-232.91830425750
-425.29013193000
-437.04588694500
-125.69504008000
-312.96164067000
-193.82592684000
-227.86243250000
-74.69552319000
-142.64400923
-176.59659798000
-67.91330724000
-1741.69866967
