-192.37036098667
-469.95450030000
-1563.68352436875
-362.73598805000
-628.48979743750
-367.89153256333
-484.74502680500
-85.19012161000
-345.76985149500
-143.65746568500
-202.14021506000
-260.61449848500
-40.47430234000
-709.92430516000
-624.74568270000
-342.01405192750
-400.48614083500
-313.92910391000
-506.34474659000
-1033.37130056500
-665.45311746500
-935.79307689000
-584.86199492000
-232.91830425750
-425.29013193000
-583.98556164500
-125.69504008000
-386.48438467000
-242.82394807000
-301.35225848500
-99.17678099000
-216.14759338500
-274.62685429250
-116.95183876000
-1741.69866967
