-192.37036098667
-469.95450030000
-1396.83189831625
-362.73598805000
-485.40381672750
-296.37393795500
-365.54801745000
-85.19012161000
-274.14250917500
-119.79250938750
-154.40996139000
-189.01294154500
-40.47430234000
-566.90782428000
-481.77066823500
-270.48544626250
-305.11812961750
-313.92910391000
-506.34474659000
-818.91563827000
-522.50158878000
-673.41283226750
-465.66114790000
-232.91830425750
-425.29013193000
-440.99525120000
-125.69504008000
-314.89563099750
-195.12263108500
-229.81639349000
-75.35385955000
-144.55621472750
-179.14723821000
-69.153995144
-1741.69866967
