-192.37036098667
-501.79982296250
-1563.68352436875
-426.50245524500
-660.36333097500
-367.89153256333
-484.74502680500
-117.06698326000
-409.57863187500
-175.56194770167
-234.04109094000
-292.54652273250
-40.47430234000
-741.81809082000
-624.74568270000
-373.91820576250
-432.40757713500
-313.92910391000
-506.34474659000
-1033.37130056500
-665.45311746500
-999.51791232250
-648.67622390250
-232.91830425750
-425.29013193000
-583.98556164500
-157.46056314000
-450.30815740000
-274.72650233500
-333.22889208500
-99.17678099000
-216.14759338500
-274.62685429250
-116.95183876000
-1741.69866967
