-192.37036098667
-501.79982296250
-1396.83189831625
-426.50245524500
-517.30207740250
-296.37393795500
-365.54801745000
-117.06698326000
-338.07477570000
-151.71354599000
-186.35123964000
-220.92417714250
-40.47430234000
-598.86675158000
-481.77066823500
-302.44036214500
-337.07720478500
-313.92910391000
-506.34474659000
-818.91563827000
-522.50158878000
-737.20176854250
-529.52945904500
-232.91830425750
-425.29013193000
-440.99525120000
-157.46056314000
-378.80388705000
-227.07218753000
-261.72555879000
-75.35385955000
-144.55621472750
-179.14723821000
-69.153995144
-1741.69866967
