-192.37036098667
-501.79982296250
-1392.24687678000
-426.50245524500
-513.38682107500
-294.40183585750
-362.27106770000
-117.06698326000
-336.10082429000
-151.05636076000
-185.04507712000
-219.01944089250
-40.47430234000
-594.91279032000
-477.83178088500
-300.46266488750
-334.44455565750
-313.92910391000
-506.34474659000
-812.99981317000
-518.55164997500
-730.05284409000
-526.23874579500
-232.91830425750
-425.29013193000
-437.04588694500
-157.46056314000
-376.83308976000
-225.75495737500
-259.76440294000
-74.69552319000
-142.64400923
-176.59659798000
-67.91330724000
-1741.69866967
