1.0 1542.29945283
2.0 1535.27583773
3.0 1528.12997452
4.0 1520.74149967
5.0 1512.3871547
6.0 1501.21676407
7.0 1484.7736369
8.0 1460.86752256
9.0 1428.2211788
10.0 1385.96186559
11.0 1336.36198751
12.0 1277.71345433
13.0 1214.50500532
14.0 1143.20653269
15.0 1070.90064334
16.0 994.187866186
17.0 915.362024609
18.0 840.132689525
19.0 766.353086963
20.0 692.612103611
21.0 625.902174976
22.0 565.420791518
23.0 510.188599427
24.0 458.357089618
25.0 411.057179494
26.0 370.071854567
27.0 334.663565931
28.0 303.509124661
29.0 275.826565187
30.0 250.731877632
31.0 228.073329895
32.0 208.060443158
33.0 190.757578435
34.0 175.549210458
35.0 161.697809752
36.0 149.534296548
37.0 138.88108956
38.0 129.336984107
39.0 120.721575449
40.0 112.841911513
41.0 105.444466818
42.0 98.3136274744
43.0 92.1639874955
44.0 86.794682414
45.0 81.9595184354
46.0 77.5857005865
47.0 73.5958384745
48.0 69.9303504083
49.0 66.5330855687
50.0 63.3106991573
51.0 60.0367057989
52.0 57.1279968528
53.0 54.5532945186
54.0 52.1935369053
55.0 50.0144695309
56.0 47.968685064
57.0 46.0415440898
58.0 44.2487317184
59.0 42.5837286375
60.0 41.0275146307
61.0 39.5577902281
62.0 38.1346041118
63.0 36.6369075421
64.0 35.1901541548
65.0 33.9223116998
66.0 32.7857862033
67.0 31.7439615299
68.0 30.775682798
69.0 29.8688112583
70.0 29.0151682755
71.0 28.2086481844
72.0 27.4443630418
73.0 26.7181828107
74.0 26.0264359968
75.0 25.3656507633
76.0 24.7322207767
77.0 24.1217530596
78.0 23.5272665018
79.0 22.9322335014
80.0 22.2821390797
81.0 21.5838828981
82.0 20.9674198632
83.0 20.4154612947
84.0 19.9086761391
85.0 19.4379350897
86.0 18.9970017127
87.0 18.581290326
88.0 18.1874100573
89.0 17.8127872344
90.0 17.4554022807
91.0 17.1136192626
92.0 16.78607521
93.0 16.4716058926
94.0 16.1691934628
95.0 15.8779266227
96.0 15.5969663732
97.0 15.3255100932
98.0 15.0627416483
99.0 14.8077354847
100.0 14.5591972452
101.0 14.3144476871
102.0 14.0665083713
103.0 13.8180508776
104.0 13.5734857859
105.0 13.3196369556
106.0 13.0376974906
107.0 12.7599198738
108.0 12.5113391693
109.0 12.2852698844
110.0 12.0754746149
111.0 11.8782330986
112.0 11.6912188002
113.0 11.5128660624
114.0 11.3420536799
115.0 11.1779378664
116.0 11.0198579181
117.0 10.8672795831
118.0 10.7197592252
119.0 10.5769200706
120.0 10.4384357739
121.0 10.3040185491
122.0 10.1734101681
123.0 10.0463746995
124.0 9.92269213798
125.0 9.80215217186
126.0 9.68454727142
127.0 9.56966412168
128.0 9.45727236748
129.0 9.34711059933
130.0 9.23887396888
131.0 9.1322158455
132.0 9.02674771824
133.0 8.92180603379
134.0 8.81545589065
135.0 8.7069586499
136.0 8.60169658645
137.0 8.50082592392
138.0 8.40351552494
139.0 8.3090572998
140.0 8.21687469444
141.0 8.12639542847
142.0 8.03689806158
143.0 7.94723125803
144.0 7.85515685748
145.0 7.75615597832
146.0 7.64672821476
147.0 7.53657985556
148.0 7.43435052907
149.0 7.3398819589
150.0 7.25152070236
151.0 7.16799430967
152.0 7.08842603735
153.0 7.01220053241
154.0 6.93886956282
155.0 6.8680945677
156.0 6.7996115807
157.0 6.73320916427
158.0 6.66871404087
159.0 6.60598142112
160.0 6.54488829466
161.0 6.48532864907
162.0 6.42720997971
163.0 6.37045068632
164.0 6.31497809237
165.0 6.26072691046
166.0 6.20763803243
167.0 6.15565755879
168.0 6.10473600563
169.0 6.05482764282
170.0 6.00588992754
171.0 5.95788300256
172.0 5.9107692313
173.0 5.86451273921
174.0 5.81907892384
175.0 5.7744338788
176.0 5.73054364285
177.0 5.68737311576
178.0 5.64488433723
179.0 5.6030334995
180.0 5.56176528382
181.0 5.52100107093
182.0 5.48061176857
183.0 5.44034895739
184.0 5.39967766778
185.0 5.35774635002
186.0 5.31503304457
187.0 5.2733089543
188.0 5.23301847717
189.0 5.19399296915
190.0 5.15604126262
191.0 5.11902038359
192.0 5.08282568051
193.0 5.04737803611
194.0 5.01261520496
195.0 4.97848630909
196.0 4.94494827369
197.0 4.91196341472
198.0 4.87949770512
199.0 4.84751942761
200.0 4.81599801709
201.0 4.78490293873
202.0 4.75420245108
203.0 4.72386207025
204.0 4.69384246459
205.0 4.66409633425
206.0 4.63456348099
207.0 4.60516256924
208.0 4.57577661137
209.0 4.54622611553
210.0 4.51621770615
211.0 4.4852487006
212.0 4.45248190896
213.0 4.41693632564
214.0 4.37891515684
215.0 4.34073916307
216.0 4.30415703872
217.0 4.26949973265
218.0 4.2365710245
219.0 4.20510751333
220.0 4.17488492653
221.0 4.1457274269
222.0 4.1174985055
223.0 4.09009105003
224.0 4.06341961385
225.0 4.03741482757
226.0 4.01201941492
227.0 3.98718533437
228.0 3.96287169963
229.0 3.93904324046
230.0 3.91566914179
231.0 3.89272215049
232.0 3.87017787273
233.0 3.84801420785
234.0 3.82621087977
235.0 3.80474903803
236.0 3.78361090972
237.0 3.76277949321
238.0 3.74223829833
239.0 3.72197116072
240.0 3.70196219587
241.0 3.68219601196
242.0 3.66265834797
243.0 3.64333726446
244.0 3.62422474914
245.0 3.60531807012
246.0 3.58661982828
247.0 3.56813616955
248.0 3.54987392237
249.0 3.53183815503
250.0 3.51403104106
251.0 3.49645189306
252.0 3.4790977728
253.0 3.46196419732
254.0 3.44504571656
255.0 3.42833631104
256.0 3.41182963088
257.0 3.39551911251
258.0 3.37939800231
259.0 3.36345930278
260.0 3.34769564143
261.0 3.33209904493
262.0 3.3166605763
263.0 3.30136975091
264.0 3.28621356949
265.0 3.27117484945
266.0 3.25622920551
267.0 3.24133932603
268.0 3.22644382144
269.0 3.21143679893
270.0 3.19614696188
271.0 3.18041320192
272.0 3.16438304863
273.0 3.14847590153
274.0 3.13292641266
275.0 3.1177655388
276.0 3.10296094506
277.0 3.08847321627
278.0 3.07426841063
279.0 3.06031918784
280.0 3.04660367099
281.0 3.03310416336
282.0 3.01980612055
283.0 3.00669738928
284.0 2.99376765329
285.0 2.98100802908
286.0 2.96841076748
287.0 2.95596903053
288.0 2.9436767221
289.0 2.93152835762
290.0 2.91951896229
291.0 2.90764399075
292.0 2.89589926271
293.0 2.88428091089
294.0 2.87278533839
295.0 2.86140918353
296.0 2.85014929035
297.0 2.83900268388
298.0 2.82796654903
299.0 2.81703821245
300.0 2.80621512683
301.0 2.79549485715
302.0 2.78487506849
303.0 2.77435351514
304.0 2.76392803075
305.0 2.75359651929
306.0 2.74335694664
307.0 2.73320733265
308.0 2.72314574352
309.0 2.71317028428
