1.0 30.187692702 -9.9349548008 0.986560958752	1.0 28.8247065531 -9.48638770038 0.987184424733
2.0 30.1876927024 -9.93495480095 0.986560958752	2.0 28.8247065535 -9.48638770052 0.987184424733
3.0 30.1876936205 -9.93495510307 0.986560959349	3.0 28.8247074293 -9.48638798876 0.987184425305
4.0 30.187733847 -9.93496834187 0.986560985687	4.0 28.8247458049 -9.4864006184 0.987184450471
5.0 30.1880954494 -9.93508734744 0.986561222408	5.0 28.8250907686 -9.48651414805 0.987184676646
6.0 30.189535639 -9.93556132265 0.986562165232	6.0 28.8264646891 -9.48696631373 0.98718557747
7.0 30.1931538346 -9.93675209302 0.98656453387	7.0 28.8299163965 -9.48810229181 0.987187840597
8.0 30.2000272434 -9.939014174 0.986569033336	8.0 28.8364735294 -9.49026028444 0.987192139631
9.0 30.2109398082 -9.94260556602 0.986576175686	9.0 28.8468839547 -9.49368641926 0.987198963809
10.0 30.2267060598 -9.94779433611 0.986586489344	10.0 28.8619247207 -9.49863642758 0.987208818019
11.0 30.247121469 -9.95451317249 0.986599826505	11.0 28.8814007151 -9.5050460968 0.987221561025
12.0 30.2723297915 -9.962809386 0.986616249883	12.0 28.9054491034 -9.51296056886 0.987237252733
13.0 30.3022262938 -9.97264850827 0.986635632438	13.0 28.9339700297 -9.52234698063 0.987255771773
14.0 30.3366836727 -9.98398864296 0.986657796693	14.0 28.9668421503 -9.53316539709 0.987276948542
15.0 30.3756067827 -9.9967984772 0.986682544921	15.0 29.0039748527 -9.54538599717 0.987300594102
16.0 30.4189644684 -10.0110677575 0.986709678328	16.0 29.0453386255 -9.5589990685 0.98732651853
17.0 30.4668026987 -10.0268116124 0.986739008106	17.0 29.090977583 -9.57401912931 0.987354541377
18.0 30.5192440158 -10.0440703715 0.98677036061	18.0 29.1410089356 -9.59048475425 0.987384496772
19.0 30.5764780505 -10.0629064433 0.986803578998	19.0 29.195613926 -9.60845559147 0.987416234823
20.0 30.6387470541 -10.0833995543 0.986838522554	20.0 29.2550240192 -9.62800781751 0.98744962109
21.0 30.7063294613 -10.1056413389 0.986875064923	21.0 29.3195052071 -9.64922897188 0.987484534837
22.0 30.7795235721 -10.1297299697 0.986913091795	22.0 29.3893424324 -9.67221283101 0.987520866882
23.0 30.8586326798 -10.1557652622 0.986952498603	23.0 29.4648253874 -9.69705473443 0.987558517283
24.0 30.9439523571 -10.1838444912 0.986993188321	24.0 29.5462363822 -9.72384759208 0.987597393384
25.0 31.035760194 -10.2140590134 0.987035069717	25.0 29.6338405439 -9.75267865896 0.987637408004
26.0 31.1343079749 -10.2464916924 0.987078055811	26.0 29.7278783527 -9.78362707852 0.987678478062
27.0 31.2398161225 -10.2812150708 0.987122062827	27.0 29.828560337 -9.81676213702 0.987720523554
28.0 31.3524701266 -10.3182901945 0.987167009411	28.0 29.936063665 -9.85214214156 0.987763466764
29.0 31.472418649 -10.3577659888 0.987212816143	29.0 30.0505303362 -9.88981382505 0.987807231831
30.0 31.5997729866 -10.3996790824 0.987259405244	30.0 30.1720666706 -9.92981217803 0.987851744476
31.0 31.7380251104 -10.4451787042 0.987306948368	31.0 30.3040065665 -9.97323440693 0.987897168731
32.0 31.8815953873 -10.4924285628 0.987354963367	32.0 30.4410230942 -10.0183273865 0.987943043955
33.0 32.0330096139 -10.5422599133 0.987403560096	33.0 30.5855277224 -10.0658847458 0.987989475153
34.0 32.1922960769 -10.5946820652 0.987452671427	34.0 30.7375474935 -10.1159153848 0.988036398209
35.0 32.3594580112 -10.6496960829 0.987502232563	35.0 30.8970855273 -10.1684203301 0.988083751231
36.0 32.5344758703 -10.7072955336 0.987552181151	36.0 31.064123191 -10.2233934496 0.988131474721
37.0 32.7173096085 -10.7674672382 0.98760245758	37.0 31.2386222739 -10.280822168 0.988179511718
38.0 32.9079009022 -10.8301920018 0.987653005014	38.0 31.4205271118 -10.3406881657 0.988227807934
39.0 33.1061752823 -10.8954453162 0.987703769506	39.0 31.6097666239 -10.4029680497 0.988276311891
40.0 33.3120441516 -10.9631980236 0.987754700169	40.0 31.8062562355 -10.4676339859 0.988324974971
41.0 33.525406662 -11.0334169343 0.987805749157	41.0 32.0098996741 -10.5346542904 0.988373751498
42.0 33.7461514544 -11.1060653992 0.987856871752	42.0 32.2205906276 -10.6039939753 0.988422598747
43.0 33.9741582507 -11.1811038342 0.987908026319	43.0 32.4382142672 -10.6756152497 0.98847147697
44.0 34.2092993053 -11.2584901973 0.987959174315	44.0 32.6626486323 -10.7494779757 0.988520349363
45.0 34.4514407185 -11.3381804214 0.988010280227	45.0 32.8937658838 -10.8255400805 0.988569182004
46.0 34.7004436203 -11.4201288034 0.988061311533	46.0 33.1314334353 -10.9037579293 0.988617943836
47.0 34.9561652276 -11.5042883527 0.988112238571	47.0 33.3755149642 -10.9840866573 0.988666606553
48.0 35.2196996692 -11.5910191536 0.988162242965	48.0 33.627056367 -11.0668704756 0.988714389124
49.0 35.4886967471 -11.6795477416 0.98821270633	49.0 33.8838115198 -11.151370171 0.988762610042
50.0 35.7640169209 -11.7701572992 0.988262962605	50.0 34.1466029788 -11.2378564518 0.988810633648
51.0 36.0455156423 -11.8628002548 0.988312989183	51.0 34.4152927358 -11.3262838986 0.988858438353
52.0 36.3330484935 -11.9574290795 0.988362765614	52.0 34.6897429062 -11.4166071328 0.988906004633
53.0 36.6264716736 -12.0539964476 0.988412273478	53.0 34.9698161935 -11.5087809693 0.988953314882
54.0 36.9256424195 -12.1524553748 0.988461496275	54.0 35.2553762921 -11.602760549 0.98900035335
55.0 37.2304193662 -12.252759337 0.988510419296	55.0 35.5462882311 -11.6985014522 0.989047105997
56.0 37.5406628551 -12.3548623719 0.988559029536	56.0 35.8424186668 -11.7959597946 0.989093560375
57.0 37.8562351921 -12.4587191633 0.988607315558	57.0 36.143636133 -11.8950923101 0.989139705589
58.0 38.1770008652 -12.5642851135 0.988655267387	58.0 36.4498112449 -11.9958564171 0.989185532087
59.0 38.5028267244 -12.6715164019 0.988702876434	59.0 36.7608168745 -12.0982102771 0.989231031696
60.0 38.8335821271 -12.7803700334 0.988750135372	60.0 37.0765282847 -12.2021128383 0.989276197368
61.0 39.1691390539 -12.8908038759 0.98879703803	61.0 37.3968232458 -12.3075238743 0.989321023235
62.0 39.5093722015 -13.0027766913 0.988843579345	62.0 37.7215821197 -12.4144040114 0.98936550445
63.0 39.8541590484 -13.1162481571 0.988889755233	63.0 38.0506879256 -12.5227147504 0.989409637137
64.0 40.2033799045 -13.2311788825 0.988935562543	64.0 38.384026383 -12.632418481 0.989453418221
65.0 40.5569179405 -13.3475304183 0.988980998946	65.0 38.721485947 -12.7434784931 0.989496845535
66.0 40.9146592052 -13.4652652624 0.9890260629	66.0 39.0629578168 -12.8558589796 0.989539917562
67.0 41.2764926271 -13.5843468606 0.989070753577	67.0 39.4083359437 -12.9695250392 0.989582633523
68.0 41.6423100047 -13.7047396031 0.989115070758	68.0 39.7575170178 -13.0844426722 0.989624993197
69.0 42.0120059903 -13.8264088192 0.98915901484	69.0 40.1104004552 -13.2005787755 0.989666996973
70.0 42.3854780617 -13.9493207682 0.989202586739	70.0 40.4668883676 -13.3179011337 0.989708645689
71.0 42.7626264879 -14.0734426282 0.989245787829	71.0 40.8268855345 -13.4363784091 0.989749940683
72.0 43.1433542918 -14.1987424834 0.989288619945	72.0 41.1902993636 -13.555980129 0.989790883699
73.0 43.5275672047 -14.3251893093 0.98933108532	73.0 41.5570398467 -13.6766766711 0.989831476828
74.0 43.915173615 -14.452752956 0.98937318648	74.0 41.9270195165 -13.7984392494 0.989871722522
75.0 44.3060845208 -14.5814041325 0.989414926314	75.0 42.3001533949 -13.9212398971 0.989911623523
76.0 44.7002134727 -14.7111143876 0.989456307968	76.0 42.6763589406 -14.0450514494 0.989951182819
77.0 45.0974765176 -14.841856092 0.989497334844	77.0 43.0555559975 -14.1698475263 0.989990403662
78.0 45.4977921415 -14.9736024188 0.98953801056	78.0 43.437666736 -14.2956025137 0.990029289479
79.0 45.9010812072 -15.1063273236 0.989578338885	79.0 43.822615599 -14.4222915453 0.990067843895
80.0 46.3072668997 -15.2400055261 0.989618323813	80.0 44.2103292444 -14.5498904838 0.990106070705
81.0 46.7162746611 -15.3746124886 0.989657969432	81.0 44.6007364856 -14.6783759011 0.990143973804
82.0 47.1280321332 -15.5101243979 0.989697279984	82.0 44.9937682367 -14.8077250608 0.990181557239
83.0 47.5424690961 -15.646518144 0.989736259798	83.0 45.3893574533 -14.937915898 0.990218825141
84.0 47.9595174072 -15.7837713009 0.989774913265	84.0 45.7874390751 -15.068927001 0.99025578171
85.0 48.3791109468 -15.921862108 0.989813244909	85.0 46.1879499709 -15.200737593 0.990292431227
86.0 48.8011855528 -16.0607694493 0.98985125924	86.0 46.5908288824 -15.3333275136 0.990328778032
87.0 49.2256789681 -16.2004728356 0.989888960833	87.0 46.9960163676 -15.4666771998 0.990364826482
88.0 49.6525307842 -16.340952386 0.989926354328	88.0 47.4034547489 -15.6007676698 0.990400580977
89.0 50.0816823816 -16.4821888086 0.989963444339	89.0 47.813088059 -15.7355805044 0.990436045935
90.0 50.5130768787 -16.6241633832 0.990000235506	90.0 48.2248619891 -15.87109783 0.99047122578
91.0 50.9466590779 -16.766857944 0.990036732469	91.0 48.638723838 -16.0073023026 0.990506124941
92.0 51.3823754119 -16.9102548616 0.990072939842	92.0 49.0546224626 -16.1441770905 0.990540747836
93.0 51.8201738968 -17.0543370279 0.990108862263	93.0 49.472508228 -16.2817058587 0.990575098846
94.0 52.2600040795 -17.1990878384 0.99014450434	94.0 49.8923329651 -16.4198727544 0.990609182402
95.0 52.7018169881 -17.3444911761 0.990179870609	95.0 50.3140499169 -16.5586623895 0.990643002822
96.0 53.1455650897 -17.4905313977 0.990214965624	96.0 50.7376137011 -16.6980598284 0.990676564456
97.0 53.5912022419 -17.6371933175 0.990249793891	97.0 51.1629802613 -16.8380505721 0.99070987158
98.0 54.0386836476 -17.7844621924 0.99028435985	98.0 51.590106828 -16.9786205446 0.990742928444
99.0 54.4879658151 -17.932323709 0.990318667924	99.0 52.0189518776 -17.1197560804 0.990775739278
100.0 54.9390065143 -18.0807639692 0.990352722481	100.0 52.4494750907 -17.2614439101 0.990808308257
101.0 55.3917647378 -18.2297694772 0.990386527856	101.0 52.8816373124 -17.4036711476 0.990840639457
102.0 55.8462006581 -18.3793271255 0.990420088281	102.0 53.3154005206 -17.5464252796 0.990872736985
103.0 56.302275595 -18.5294241842 0.990453407982	103.0 53.7507277835 -17.6896941515 0.99090460484
104.0 56.7599519746 -18.6800482876 0.990486491103	104.0 54.1875832278 -17.8334659574 0.99093624698
105.0 57.2191932966 -18.831187423 0.990519341747	105.0 54.6259320045 -17.9777292281 0.990967667319
106.0 57.6799640983 -18.9828299196 0.990551963954	106.0 55.0657402555 -18.1224728207 0.990998869711
107.0 58.1422299197 -19.1349644364 0.990584361668	107.0 55.5069750805 -18.2676859076 0.991029857925
108.0 58.6059572761 -19.2875799533 0.990616538829	108.0 55.9496045102 -18.4133579674 0.991060635718
109.0 59.0711136243 -19.4406657602 0.990648499308	109.0 56.3935974722 -18.5594787741 0.991091206761
110.0 59.5376673283 -19.5942114454 0.990680246857	110.0 56.8389237643 -18.7060383879 0.991121574659
111.0 60.0055876379 -19.7482068889 0.990711785221	111.0 57.2855540276 -18.8530271466 0.991151742988
112.0 60.4748446557 -19.9026422513 0.990743118067	112.0 57.7334597162 -19.0004356556 0.991181715217
113.0 60.9454093113 -20.0575079653 0.990774249005	113.0 58.1826130769 -19.1482547811 0.991211494818
114.0 61.4172533334 -20.2127947266 0.99080518156	114.0 58.6329871176 -19.2964756399 0.991241085148
115.0 61.8903492275 -20.3684934868 0.990835919221	115.0 59.0845555875 -19.4450895927 0.991270489525
116.0 62.3646702486 -20.5245954437 0.9908664654	116.0 59.5372929531 -19.5940882362 0.991299711219
117.0 62.8401903793 -20.6810920349 0.990896823461	117.0 59.9911743742 -19.7434633954 0.991328753434
118.0 63.3168843057 -20.8379749295 0.990926996696	118.0 60.4461756811 -19.8932071159 0.991357619287
119.0 63.7947273951 -20.9952360207 0.990956988332	119.0 60.9022733594 -20.043311659 0.991386311908
120.0 64.2736956775 -21.1528674198 0.990986801565	120.0 61.3594445203 -20.1937694917 0.991414834288
121.0 64.7537658199 -21.3108614478 0.991016439491	121.0 61.8176668896 -20.3445732836 0.99144318942
122.0 65.2349151113 -21.4692106304 0.991045905179	122.0 62.2769187836 -20.4957158984 0.991471380221
123.0 65.7171214403 -21.6279076905 0.991075201623	123.0 62.737179092 -20.6471903885 0.991499409552
124.0 66.200363278 -21.7869455429 0.991104331767	124.0 63.1984272597 -20.7989899892 0.991527280204
125.0 66.6846196599 -21.946317288 0.991133298503	125.0 63.6606432716 -20.9511081134 0.991554994947
126.0 67.1698701678 -22.106016206 0.991162104659	126.0 64.1238076346 -21.1035383457 0.991582556487
127.0 67.6560949134 -22.2660357517 0.991190753007	127.0 64.5879013601 -21.2562744369 0.991609967461
128.0 68.1432745231 -22.426369549 0.99121924628	128.0 65.0529059511 -21.4093102996 0.991637230468
129.0 68.6313901212 -22.5870113858 0.991247587152	129.0 65.5188033873 -21.562640003 0.99166434807
130.0 69.1204233139 -22.7479552086 0.991275778229	130.0 65.9855761081 -21.716257768 0.991691322762
131.0 69.6103561769 -22.9091951184 0.991303822078	131.0 66.4532070005 -21.8701579626 0.991718156986
132.0 70.1011712406 -23.0707253659 0.991331721224	132.0 66.9216793845 -22.0243350971 0.991744853135
133.0 70.5928514766 -23.2325403469 0.991359478149	133.0 67.3909770037 -22.1787838217 0.991771413589
134.0 71.0853802821 -23.3946345973 0.991387095252	134.0 67.8610840076 -22.3334989197 0.991797840646
135.0 71.5787414707 -23.5570027902 0.991414574916	135.0 68.3319849407 -22.4884753047 0.99182413655
136.0 72.072919258 -23.7196397306 0.991441919463	136.0 68.8036647356 -22.6437080179 0.99185030355
137.0 72.5678982502 -23.8825403525 0.991469131172	137.0 69.2761086948 -22.7991922222 0.991876343806
138.0 73.0636634323 -24.0456997143 0.991496212271	138.0 69.7493024841 -22.9549232003 0.99190225946
139.0 73.5602001595 -24.2091129964 0.991523164974	139.0 70.2232321186 -23.1108963494 0.991928052575
140.0 74.0574941409 -24.3727754954 0.991549991404	140.0 70.6978839587 -23.2671071809 0.99195372524
141.0 74.5555314357 -24.5366826235 0.991576693688	141.0 71.1732446911 -23.4235513132 0.991979279428
142.0 75.0542984375 -24.7008299025 0.991603273877	142.0 71.6493013289 -23.5802244722 0.99200471714
143.0 75.5537818675 -24.8652129625 0.991629733988	143.0 72.1260411927 -23.7371224851 0.992030040276
144.0 76.0539687663 -25.0298275384 0.991656076021	144.0 72.6034519105 -23.8942412802 0.992055250751
145.0 76.5548464814 -25.1946694662 0.991682301912	145.0 73.0815214024 -24.0515768818 0.992080350406
146.0 77.0564026612 -25.3597346809 0.991708413576	146.0 73.560237877 -24.2091254094 0.992105341077
147.0 77.558625244 -25.5250192129 0.991734412868	147.0 74.0395898175 -24.3668830728 0.992130224519
148.0 78.0615024531 -25.6905191864 0.991760301634	148.0 74.519565982 -24.5248461721 0.992155002511
149.0 78.5650227848 -25.8562308155 0.991786081656	149.0 75.0001553876 -24.6830110928 0.992179676749
150.0 79.0691750041 -26.0221504027 0.991811754698	150.0 75.4813473077 -24.8413743047 0.99220424891
151.0 79.5739481367 -26.1882743363 0.991837322497	151.0 75.9631312653 -24.9999323598 0.992228720656
152.0 80.0793314599 -26.3545990873 0.991862786743	152.0 76.4454970228 -25.1586818888 0.992253093594
153.0 80.5853144969 -26.5211212078 0.991888149097	153.0 76.928434579 -25.3176196003 0.992277369318
154.0 81.0918870085 -26.6878373281 0.99191341117	154.0 77.411934157 -25.4767422766 0.992301549347
155.0 81.5990389908 -26.8547441557 0.991938574578	155.0 77.8959862076 -25.636046775 0.992325635242
156.0 82.106760665 -27.0218384724 0.99196364089	156.0 78.3805813924 -25.7955300222 0.992349628472
157.0 82.6150424691 -27.1891171312 0.991988611612	157.0 78.8657105866 -25.9551890151 0.992373530521
158.0 83.1238750605 -27.3565770576 0.992013488288	158.0 79.3513648671 -26.1150208172 0.992397342817
159.0 83.6332492981 -27.524215243 0.992038272347	159.0 79.8375355098 -26.2750225573 0.992421066761
160.0 84.1431562505 -27.6920287482 0.992062965281	160.0 80.3242139861 -26.4351914285 0.992444703751
161.0 84.6535871791 -27.8600146971 0.992087568498	161.0 80.8113919509 -26.5955246844 0.992468255105
162.0 85.164533536 -28.0281702767 0.992112083367	162.0 81.2990612494 -26.7560196413 0.992491722201
163.0 85.6759869657 -28.196492737 0.992136511299	163.0 81.7872138983 -26.9166736718 0.992515106305
164.0 86.1879392872 -28.3649793856 0.992160853586	164.0 82.2758420936 -27.0774842074 0.992538408731
165.0 86.7003825033 -28.5336275907 0.992185111582	165.0 82.7649381943 -27.2384487337 0.992561630693
166.0 87.2133087844 -28.7024347755 0.992209286552	166.0 83.2544947289 -27.3995647915 0.992584773443
167.0 87.7267104717 -28.8713984193 0.992233379773	167.0 83.7445043848 -27.5608299744 0.992607838189
168.0 88.2405800684 -29.040516055 0.992257392482	168.0 84.2349600041 -27.7222419265 0.992630826101
169.0 88.7549102369 -29.2097852677 0.992281325888	169.0 84.7258545839 -27.8837983432 0.992653738359
170.0 89.2696937976 -29.3792036945 0.992305181211	170.0 85.2171812683 -28.0454969683 0.992676576112
171.0 89.7849237192 -29.5487690215 0.992328959613	171.0 85.708933343 -28.2073355918 0.992699340446
172.0 90.300593117 -29.7184789828 0.992352662227	172.0 86.2011042382 -28.3693120518 0.992722032481
173.0 90.816695253 -29.8883313609 0.9923762902	173.0 86.69368752 -28.5314242307 0.992744653293
174.0 91.3332235292 -30.0583239843 0.992399844653	174.0 87.1866768881 -28.6936700551 0.992767203943
175.0 91.8501714797 -30.2284547251 0.992423326646	175.0 87.6800661712 -28.856047494 0.992789685456
176.0 92.3675327772 -30.3987215009 0.992446737271	176.0 88.1738493275 -29.0185545589 0.992812098864
177.0 92.8853012186 -30.5691222703 0.992470077549	177.0 88.6680204362 -29.1811893014 0.992834445152
178.0 93.4034707334 -30.7396550354 0.992493348543	178.0 89.1625737002 -29.3439498136 0.992856725317
179.0 93.9220353696 -30.9103178374 0.992516551244	179.0 89.657503438 -29.5068342255 0.992878940317
180.0 94.4409892972 -31.0811087576 0.992539686648	180.0 90.1528040847 -29.6698407059 0.992901091107
181.0 94.960326803 -31.2520259157 0.992562755723	181.0 90.6484701851 -29.8329674593 0.992923178605
182.0 95.4800422897 -31.4230674696 0.992585759434	182.0 91.1444963956 -29.9962127272 0.992945203731
183.0 96.0001302695 -31.5942316133 0.99260869871	183.0 91.6408774763 -30.159574785 0.992967167363
184.0 96.5205853663 -31.7655165775 0.992631574488	184.0 92.1376082955 -30.3230519439 0.992989070406
185.0 97.0414023081 -31.936920627 0.992654387667	185.0 92.6346838193 -30.4866425472 0.993010913706
186.0 97.5625759265 -32.1084420611 0.992677139129	186.0 93.1320991157 -30.6503449718 0.993032698129
187.0 98.0841011565 -32.2800792126 0.992699829758	187.0 93.6298493455 -30.814157625 0.993054424481
188.0 98.6059730295 -32.4518304465 0.992722460404	188.0 94.1279297691 -30.978078947 0.993076093611
189.0 99.1281866749 -32.6236941598 0.99274503191	189.0 94.6263357333 -31.1421074063 0.993097706289
190.0 99.6507373174 -32.7956687809 0.99276754512	190.0 95.1250626805 -31.3062415032 0.993119263336
191.0 100.17362027 -32.9677527672 0.992790000821	191.0 95.6241061374 -31.4704797654 0.993140765518
192.0 100.696830938 -33.1399446068 0.992812399819	192.0 96.1234617167 -31.6348207489 0.993162213591
193.0 101.220364815 -33.3122428163 0.992834742904	193.0 96.6231251177 -31.7992630385 0.993183608326
194.0 101.74421748 -33.484645941 0.992857030854	194.0 97.1230921138 -31.9638052431 0.993204950405
195.0 102.268384595 -33.6571525532 0.992879264429	195.0 97.6233585704 -32.1284460019 0.993226240617
196.0 102.792861903 -33.8297612519 0.99290144436	196.0 98.123920419 -32.2931839761 0.993247479619
197.0 103.317645229 -34.0024706628 0.992923571384	197.0 98.6247736767 -32.4580178548 0.993268668151
198.0 103.842730474 -34.175279437 0.992945646216	198.0 99.1259144282 -32.6229463495 0.993289806869
199.0 104.368113616 -34.348186251 0.992967669564	199.0 99.627338835 -32.7879681969 0.993310896459
200.0 104.893790708 -34.5211898059 0.992989642132	200.0 100.129043128 -32.9530821565 0.99333193758
201.0 105.419757875 -34.6942888261 0.993011564587	201.0 100.631023611 -33.118287012 0.993352930905
202.0 105.946011315 -34.8674820608 0.993033437627	202.0 101.133276648 -33.2835815666 0.993373877029
203.0 106.472547292 -35.0407682799 0.993055261873	203.0 101.635798678 -33.4489646486 0.993394776621
204.0 106.999362141 -35.2141462774 0.993077037988	204.0 102.138586202 -33.6144351061 0.993415630292
205.0 107.526452268 -35.3876148707 0.993098766659	205.0 102.641635782 -33.7799918078 0.993436438642
206.0 108.053814132 -35.5611728942 0.993120448449	206.0 103.144944042 -33.945633643 0.993457202254
207.0 108.581444262 -35.734819206 0.993142083981	207.0 103.648507673 -34.1113595222 0.99347792175
208.0 109.109339256 -35.9085526857 0.993163673894	208.0 104.15232342 -34.2771683743 0.993498597697
209.0 109.637495761 -36.0823722308 0.993185218766	209.0 104.656388086 -34.4430591471 0.993519230653
210.0 110.165910492 -36.2562767593 0.993206719182	210.0 105.160698533 -34.609030808 0.993539821189
211.0 110.694580218 -36.4302652081 0.99322817572	211.0 105.665251676 -34.7750823417 0.993560369843
212.0 111.223501764 -36.6043365329 0.993249588939	212.0 106.170044487 -34.9412127515 0.993580877162
213.0 111.752672017 -36.7784897083 0.993270959415	213.0 106.675073991 -35.1074210585 0.993601343689
214.0 112.282087913 -36.9527237263 0.99329228769	214.0 107.180337263 -35.2737063001 0.993621769936
215.0 112.81174644 -37.1270375958 0.993313574288	215.0 107.685831431 -35.4400675306 0.993642156418
216.0 113.341644644 -37.3014303444 0.993334819762	216.0 108.191553671 -35.6065038212 0.993662503648
217.0 113.871779618 -37.4759010158 0.993356024632	217.0 108.697501208 -35.7730142585 0.993682812111
218.0 114.402148506 -37.6504486692 0.993377189392	218.0 109.203671316 -35.9395979452 0.993703082302
219.0 114.932748502 -37.8250723821 0.993398314579	219.0 109.710061315 -36.1062539996 0.993723314707
220.0 115.463576844 -37.9997712447 0.993419400649	220.0 110.216668573 -36.2729815549 0.993743509804
221.0 115.994630821 -38.1745443655 0.993440448119	221.0 110.723490499 -36.4397797591 0.993763668067
222.0 116.52590777 -38.3493908675 0.99346145748	222.0 111.230524547 -36.6066477739 0.993783789934
223.0 117.057405068 -38.5243098877 0.9934824292	223.0 111.737768216 -36.7735847759 0.993803875867
224.0 117.589120134 -38.699300577 0.993503363721	224.0 112.245219045 -36.9405899559 0.993823926321
225.0 118.121050437 -38.8743621019 0.993524261516	225.0 112.752874615 -37.1076625172 0.993843941725
226.0 118.653193487 -39.0494936431 0.993545123053	226.0 113.260732547 -37.2748016772 0.993863922516
227.0 119.185546831 -39.2246943935 0.993565948763	227.0 113.768790499 -37.442006665 0.993883869092
228.0 119.718108062 -39.3999635605 0.993586739097	228.0 114.277046176 -37.6092767252 0.993903781915
229.0 120.250874805 -39.5753003628 0.993607494452	229.0 114.78549731 -37.7766111116 0.993923661361
230.0 120.783844732 -39.7507040346 0.99362821529	230.0 115.294141678 -37.9440090926 0.993943507851
231.0 121.31701555 -39.9261738204 0.993648902008	231.0 115.802977091 -38.1114699475 0.993963321782
232.0 121.850385002 -40.1017089781 0.993669555021	232.0 116.312001394 -38.2789929674 0.993983103542
233.0 122.383950871 -40.2773087777 0.993690174745	233.0 116.821212471 -38.4465774556 0.99400285353
234.0 122.917710974 -40.452972501 0.993710761583	234.0 117.330608234 -38.6142227252 0.994022572102
235.0 123.451663158 -40.6286994394 0.993731315892	235.0 117.840186636 -38.7819281024 0.994042259657
236.0 123.985805316 -40.8044888994 0.993751838106	236.0 118.349945657 -38.9496929224 0.994061916553
237.0 124.520135364 -40.980340195 0.993772328569	237.0 118.859883313 -39.1175165323 0.994081543159
238.0 125.054651255 -41.1562526529 0.993792787664	238.0 119.369997647 -39.2853982882 0.994101139816
239.0 125.58935098 -41.3322256116 0.993813215792	239.0 119.880286743 -39.4533375589 0.994120706917
240.0 126.12423255 -41.5082584166 0.993833613266	240.0 120.3907487 -39.6213337194 0.994140244756
241.0 126.65929402 -41.6843504276 0.99385398049	241.0 120.901381661 -39.7893861586 0.994159753719
242.0 127.194533463 -41.8605010108 0.993874317774	242.0 121.412183791 -39.9574942721 0.994179234119
243.0 127.729948996 -42.0367095461 0.993894625512	243.0 121.923153284 -40.125657466 0.99419868629
244.0 128.265538753 -42.21297542 0.993914904025	244.0 122.434288366 -40.293875156 0.994218110568
245.0 128.801300901 -42.3892980285 0.993935153625	245.0 122.945587286 -40.4621467664 0.994237507275
246.0 129.337233643 -42.5656767806 0.993955374706	246.0 123.457048323 -40.6304717303 0.994256876722
247.0 129.873335197 -42.7421110896 0.993975567542	247.0 123.96866978 -40.7988494895 0.994276219218
248.0 130.409603813 -42.9186003799 0.993995732458	248.0 124.48044999 -40.9672794951 0.994295535083
249.0 130.946037775 -43.0951440867 0.99401586981	249.0 124.992387308 -41.1357612061 0.99431482462
250.0 131.482635385 -43.2717416511 0.9940359799	250.0 125.504480113 -41.3042940887 0.994334088104
251.0 132.01939497 -43.4483925224 0.994056063003	251.0 126.016726814 -41.4728776194 0.99435332586
252.0 132.556314891 -43.6250961609 0.994076119466	252.0 126.529125838 -41.6415112807 0.994372538158
253.0 133.093393523 -43.8018520326 0.994096149565	253.0 127.041675642 -41.8101945645 0.994391725305
254.0 133.630629273 -43.9786596126 0.994116153601	254.0 127.554374702 -41.9789269692 0.994410887577
255.0 134.168020568 -44.1555183835 0.994136131862	255.0 128.067221518 -42.1477080016 0.994430025265
256.0 134.705565864 -44.3324278369 0.99415608466	256.0 128.580214607 -42.3165371734 0.994449138597
257.0 135.243263631 -44.5093874695 0.994176012248	257.0 129.093352519 -42.4854140071 0.994468227888
258.0 135.781112364 -44.6863967862 0.994195914892	258.0 129.606633816 -42.6543380297 0.994487293378
259.0 136.319110594 -44.863455303 0.994215792937	259.0 130.120057088 -42.8233087771 0.994506335356
260.0 136.857256851 -45.0405625364 0.994235646581	260.0 130.633620937 -42.9923257893 0.994525354043
261.0 137.395549704 -45.2177180155 0.994255476134	261.0 131.147323997 -43.1613886169 0.994544349738
262.0 137.933987737 -45.3949212742 0.994275281862	262.0 131.661164914 -43.3304968138 0.994563322673
263.0 138.472569549 -45.5721718515 0.994295063984	263.0 132.175142355 -43.4996499419 0.994582273101
264.0 139.011293768 -45.749469296 0.994314822788	264.0 132.689255004 -43.6688475674 0.994601201231
265.0 139.550159039 -45.9268131613 0.994334558517	265.0 133.203501575 -43.8380892676 0.994620107373
266.0 140.089164029 -46.104203009 0.994354271449	266.0 133.717880785 -44.0073746204 0.994638991714
267.0 140.628307415 -46.2816384039 0.994373961789	267.0 134.232391378 -44.1767032119 0.994657854484
268.0 141.167587905 -46.4591189205 0.994393629817	268.0 134.747032121 -44.3460746363 0.994676695961
269.0 141.707004214 -46.6366441358 0.994413275726	269.0 135.261801785 -44.5154884898 0.994695516328
270.0 142.246555091 -46.8142136382 0.994432899831	270.0 135.776699173 -44.684944378 0.994714315853
271.0 142.786239278 -46.9918270141 0.994452502267	271.0 136.291723091 -44.8544419079 0.994733094708
272.0 143.32605556 -47.1694838629 0.994472083325	272.0 136.806872376 -45.0239806966 0.994751853158
273.0 143.866002726 -47.3471837865 0.994491643224	273.0 137.32214587 -45.1935603635 0.994770591401
274.0 144.406079582 -47.524926392 0.994511182171	274.0 137.837542432 -45.3631805329 0.994789309621
275.0 144.946284959 -47.7027112945 0.99453070042	275.0 138.353060948 -45.5328408382 0.994808008084
276.0 145.486617691 -47.8805381103 0.994550198144	276.0 138.86870031 -45.7025409143 0.994826686974
277.0 146.027076642 -48.0584064656 0.994569675597	277.0 139.384459424 -45.872280402 0.994845346489
278.0 146.567660679 -48.2363159876 0.994589132952	278.0 139.900337214 -46.0420589464 0.994863986812
279.0 147.108368697 -48.4142663122 0.994608570452	279.0 140.416332627 -46.2118762011 0.994882608199
280.0 147.6491996 -48.592257079 0.994627988305	280.0 140.932444607 -46.3817318189 0.994901210787
281.0 148.190152304 -48.7702879314 0.994647386695	281.0 141.448672127 -46.5516254616 0.994919794797
282.0 148.73122574 -48.9483585177 0.994666765806	282.0 141.965014171 -46.7215567949 0.994938360436
283.0 149.272418867 -49.1264684945 0.994686125893	283.0 142.481469732 -46.8915254872 0.994956907865
284.0 149.813730637 -49.3046175179 0.994705467094	284.0 142.998037822 -47.0615312137 0.994975437294
285.0 150.355160034 -49.4828052528 0.99472478964	285.0 143.51471746 -47.2315736512 0.994993948872
286.0 150.896706047 -49.6610313668 0.994744093716	286.0 144.031507687 -47.4016524843 0.995012442819
287.0 151.438367676 -49.8392955308 0.994763379484	287.0 144.548407554 -47.5717674006 0.995030919319
288.0 151.980143943 -50.0175974227 0.99478264715	288.0 145.065416117 -47.7419180894 0.995049378512
289.0 152.522033879 -50.195936724 0.994801896912	289.0 145.582532456 -47.9121042478 0.995067820605
290.0 153.064036524 -50.3743131185 0.994821128919	290.0 146.099755654 -48.0823255741 0.995086245748
291.0 153.606150939 -50.552726297 0.994840343379	291.0 146.61708481 -48.252581772 0.995104654115
292.0 154.148376188 -50.7311759517 0.994859540443	292.0 147.134519038 -48.4228725498 0.995123045891
293.0 154.690711355 -50.9096617813 0.994878720306	293.0 147.65205746 -48.5931976184 0.995141421238
294.0 155.233155531 -51.0881834862 0.994897883119	294.0 148.169699207 -48.7635566917 0.995159780293
295.0 155.775707826 -51.2667407739 0.994917029089	295.0 148.687443426 -48.9339494896 0.995178123243
296.0 156.318367351 -51.4453333515 0.994936158344	296.0 149.205289276 -49.1043757346 0.995196450248
297.0 156.861133235 -51.6239609325 0.994955271056	297.0 149.723235923 -49.2748351525 0.99521476146
298.0 157.404004617 -51.8026232337 0.994974367387	298.0 150.241282548 -49.4453274738 0.995233057051
299.0 157.946980654 -51.9813199772 0.994993447534	299.0 150.759428332 -49.6158524291 0.995251337126
300.0 158.490060501 -52.1600508856 0.995012511624	300.0 151.277672484 -49.7864097577 0.995269601892
301.0 159.033243333 -52.3388156867 0.995031559817	301.0 151.79601421 -49.9569991986 0.995287851476
302.0 159.576528333 -52.5176141119 0.995050592277	302.0 152.314452731 -50.1276204951 0.99530608603
303.0 160.119914689 -52.6964458944 0.995069609128	303.0 152.832987276 -50.2982733939 0.995324305703
304.0 160.663401614 -52.8753107745 0.995088610569	304.0 153.351617085 -50.4689576447 0.995342510633
305.0 161.206988316 -53.0542084916 0.995107596715	305.0 153.870341406 -50.6396730001 0.99536070096
306.0 161.75067402 -53.2331387911 0.995126567727	306.0 154.389159499 -50.8104192161 0.995378876822
307.0 162.294457963 -53.4121014215 0.995145523766	307.0 154.908070631 -50.981196052 0.995397038358
308.0 162.838339383 -53.5910961323 0.995164464949	308.0 155.427074089 -51.152003273 0.995415185765
309.0 163.382317534 -53.7701226779 0.995183391425	309.0 155.946169146 -51.3228406396 0.995433319088
