1.0 0.145789370068 -0.0479801757743 0.520308342966
2.0 0.14578937025 -0.0479801758341 0.520308342963
3.0 0.145789734514 -0.0479802957156 0.520308335394
4.0 0.145805693999 -0.0479855480801 0.520308003772
5.0 0.145949155729 -0.0480327622154 0.520305022784
6.0 0.146520517709 -0.0482208009468 0.520293150469
7.0 0.147955833106 -0.0486931720465 0.520263326211
8.0 0.150681992589 -0.0495903678512 0.520206681298
9.0 0.155008867925 -0.0510143690597 0.520116787726
10.0 0.161257347302 -0.0530707819428 0.519987022491
11.0 0.169343167716 -0.055731875029 0.51981926786
12.0 0.17931914263 -0.059015029553 0.519612726339
13.0 0.191139127107 -0.062905058933 0.519368923532
14.0 0.2047484847 -0.0673839819793 0.519089921875
15.0 0.220106958282 -0.0724385498243 0.518777913867
16.0 0.237202545265 -0.0780648123426 0.518434964354
17.0 0.256057816744 -0.0842701978204 0.518062868513
18.0 0.276730477251 -0.0910736971729 0.517663092544
19.0 0.299309928841 -0.0985047331646 0.517236769305
20.0 0.323911379338 -0.106601221397 0.516784727657
21.0 0.350668732384 -0.11540723038 0.516307539825
22.0 0.379727184573 -0.124970545202 0.515805576107
23.0 0.411236170567 -0.135340345728 0.515279059791
24.0 0.445343059608 -0.14656513208 0.51472811799
25.0 0.482187821207 -0.158690969081 0.514152826026
26.0 0.52189874143 -0.171760076462 0.513553244405
27.0 0.564589176899 -0.185809760583 0.512929448236
28.0 0.610355273478 -0.200871663638 0.512281549555
29.0 0.659274542123 -0.216971294957 0.51160971328
30.0 0.711405168719 -0.234127803872 0.510914167695
31.0 0.768026168171 -0.252762122032 0.510187222287
32.0 0.82711448925 -0.272208450871 0.509442411077
33.0 0.889587445149 -0.292768683787 0.508674272978
34.0 0.955447985437 -0.314443791499 0.507883197764
35.0 1.02468420984 -0.337229857555 0.507069631964
36.0 1.0972705689 -0.361118473474 0.506234074369
37.0 1.17316912396 -0.386097153411 0.505377070847
38.0 1.25303840921 -0.412382625002 0.50449560841
39.0 1.33560885976 -0.439557066657 0.503596475106
40.0 1.42136022403 -0.467778366529 0.502677537951
41.0 1.51022378507 -0.497023909441 0.501739444417
42.0 1.60212483858 -0.527269109755 0.500782859998
43.0 1.69698369036 -0.558487739617 0.499808463531
44.0 1.79471657366 -0.59065223088 0.49881694291
45.0 1.89523648614 -0.623733950536 0.497808991182
46.0 1.99845394739 -0.65770345004 0.496785303027
47.0 2.10427768003 -0.692530689435 0.495746571627
48.0 2.21261521764 -0.728185237467 0.494693485891
49.0 2.32337344429 -0.764636449107 0.493626728042
50.0 2.43645906986 -0.801853622005 0.492546971515
51.0 2.55177904629 -0.839806133473 0.491454879165
52.0 2.66924092944 -0.878463559579 0.490351101743
53.0 2.78875319142 -0.917795777929 0.489236276622
54.0 2.91022548793 -0.957773055667 0.488111026764
55.0 3.03356888503 -0.998366124082 0.48697595987
56.0 3.15869604937 -1.03954624124 0.485831667725
57.0 3.28552140586 -1.08128524384 0.484678725703
58.0 3.41396126614 -1.12355558955 0.483517692406
59.0 3.5439339314 -1.16633039077 0.482349109441
60.0 3.67535977218 -1.20958344096 0.481173501293
61.0 3.80816128828 -1.25328923435 0.479991375307
62.0 3.94226315099 -1.29742297977 0.478803221746
63.0 4.0775922297 -1.34196060951 0.4776095139
64.0 4.21407760558 -1.38687878374 0.476410708297
65.0 4.35165057326 -1.4321548911 0.475207244924
66.0 4.49024463282 -1.47776704606 0.473999547513
67.0 4.62979547312 -1.52369408343 0.472788023857
68.0 4.7702409479 -1.56991555049 0.471573066143
69.0 4.91152104582 -1.61641169715 0.470355051327
70.0 5.05357785538 -1.66316346437 0.469134341512
71.0 5.19635552562 -1.71015247126 0.467911284348
72.0 5.33980022332 -1.75736100098 0.46668621343
73.0 5.48386008758 -1.80477198578 0.465459448716
74.0 5.62848518216 -1.85236899136 0.464231296942
75.0 5.77362744625 -1.90013620058 0.463002052033
76.0 5.91924064398 -1.94805839696 0.461771995519
77.0 6.06528031325 -1.99612094774 0.460541396943
78.0 6.21170371425 -2.04430978698 0.459310514276
79.0 6.35846977753 -2.09261139848 0.458079594309
80.0 6.50553905253 -2.14101279882 0.456848873054
81.0 6.65287365619 -2.18950152044 0.455618576118
82.0 6.80043722227 -2.238065595 0.454388919092
83.0 6.9481948512 -2.28669353684 0.453160107914
84.0 7.09611306097 -2.33537432682 0.451932339232
85.0 7.24415973853 -2.38409739633 0.450705800748
86.0 7.39230409259 -2.43285261178 0.449480671561
87.0 7.54051660717 -2.48163025927 0.448257122491
88.0 7.68876899662 -2.53042102983 0.447035316408
89.0 7.8370341613 -2.5792160048 0.445815408529
90.0 7.98528614505 -2.62800664184 0.444597546731
91.0 8.13350009317 -2.67678476112 0.443381871819
92.0 8.28165221235 -2.72554253211 0.442168517828
93.0 8.42971973126 -2.77427246064 0.440957612277
94.0 8.57768086265 -2.82296737639 0.439749276435
95.0 8.72551476646 -2.87162042075 0.438543625569
96.0 8.8732015143 -2.92022503519 0.437340769182
97.0 9.02072205518 -2.9687749499 0.436140811257
98.0 9.16805818198 -3.01726417279 0.434943850462
99.0 9.31519249972 -3.06568697909 0.433749980389
100.0 9.46210839418 -3.11403790096 0.432559289734
101.0 9.60879000229 -3.16231171774 0.431371862518
102.0 9.75522218325 -3.21050344652 0.430187778267
103.0 9.90139049066 -3.2586083329 0.4290071122
104.0 10.0472811458 -3.30662184221 0.427829935402
105.0 10.1928810119 -3.35453965108 0.426656315002
106.0 10.3381775691 -3.40235763912 0.425486314324
107.0 10.4831588908 -3.45007188119 0.424319993054
108.0 10.6278136201 -3.49767863974 0.423157407384
109.0 10.7721309484 -3.54517435755 0.421998610165
110.0 10.9161005935 -3.59255565067 0.420843651032
111.0 11.0597127791 -3.63981930168 0.419692576551
112.0 11.2029582154 -3.68696225324 0.41854543034
113.0 11.3458280795 -3.73398160172 0.417402253187
114.0 11.4883139979 -3.78087459128 0.416263083179
115.0 11.6304080282 -3.82763860808 0.415127955809
116.0 11.7721026427 -3.87427117467 0.41399690408
117.0 11.9133907117 -3.92076994468 0.412869958618
118.0 12.0542654885 -3.96713269766 0.411747147767
119.0 12.1947205937 -4.01335733416 0.410628497687
120.0 12.3347500011 -4.05944187088 0.409514032438
121.0 12.4743480238 -4.10538443627 0.408403774083
122.0 12.6135093008 -4.15118326596 0.40729774276
123.0 12.752228784 -4.19683669862 0.406195956767
124.0 12.8905017263 -4.24234317191 0.405098432643
125.0 13.0283236692 -4.28770121855 0.40400518524
126.0 13.1656904318 -4.33290946254 0.402916227796
127.0 13.3025980995 -4.37796661561 0.401831572002
128.0 13.4390430137 -4.42287147367 0.400751228069
129.0 13.5750217618 -4.46762291357 0.399675204797
130.0 13.7105311668 -4.51221988979 0.398603509621
131.0 13.8455682788 -4.55666143149 0.397536148694
132.0 13.9801303651 -4.60094663934 0.396473126913
133.0 14.1142149026 -4.64507468293 0.395414448002
134.0 14.2478195683 -4.68904479776 0.394360114539
135.0 14.380942232 -4.73285628279 0.393310128024
136.0 14.5135809486 -4.77650849787 0.392264488916
137.0 14.6457339506 -4.8200008613 0.391223196688
138.0 14.7773996407 -4.86333284737 0.390186249857
139.0 14.9085765853 -4.90650398429 0.389153646039
140.0 15.0392635076 -4.9495138519 0.388125381984
141.0 15.1694592817 -4.99236207961 0.387101453614
142.0 15.2991629262 -5.03504834444 0.386081856065
143.0 15.4283735983 -5.07757236906 0.385066583721
144.0 15.5570905884 -5.11993391988 0.38405563024
145.0 15.6853133143 -5.16213280534 0.3830489886
146.0 15.8130413165 -5.20416887417 0.382046651124
147.0 15.9402742526 -5.24604201374 0.381048609509
148.0 16.0670118932 -5.28775214848 0.380054854863
149.0 16.1932541163 -5.32929923831 0.37906537772
150.0 16.3190009037 -5.37068327721 0.378080168081
151.0 16.4442523362 -5.41190429177 0.377099215428
152.0 16.5690085898 -5.45296233995 0.376122508763
153.0 16.6932699314 -5.49385750951 0.375150036613
154.0 16.8170367149 -5.53458991701 0.374181787068
155.0 16.9403093783 -5.5751597065 0.3732177478
156.0 17.0630884389 -5.61556704832 0.372257906079
157.0 17.1853744909 -5.65581213798 0.371302248798
158.0 17.3071682017 -5.69589519515 0.370350762491
159.0 17.4284703089 -5.73581646253 0.369403433353
160.0 17.5492816171 -5.77557620496 0.368460247257
161.0 17.6696029948 -5.81517470827 0.367521189768
162.0 17.7894353721 -5.85461227853 0.366586246164
163.0 17.9087797375 -5.89388924109 0.365655401454
164.0 18.0276371357 -5.93300593974 0.364728640388
165.0 18.1460086645 -5.97196273581 0.363805947472
166.0 18.2638954729 -6.01076000743 0.362887306984
167.0 18.3812987589 -6.04939814884 0.361972702994
168.0 18.4982197664 -6.08787756946 0.36106211936
169.0 18.614659784 -6.12619869334 0.360155539758
170.0 18.7306201425 -6.16436195848 0.359252947688
171.0 18.8461022125 -6.20236781593 0.358354326477
172.0 18.9611074033 -6.24021672953 0.357459659304
173.0 19.0756371607 -6.27790917506 0.356568929206
174.0 19.1896929645 -6.31544563957 0.355682119076
175.0 19.3032763283 -6.35282662116 0.354799211696
176.0 19.4163887962 -6.39005262804 0.353920189727
177.0 19.5290319423 -6.42712417823 0.353045035723
178.0 19.6412073687 -6.46404179902 0.352173732145
179.0 19.7529167044 -6.50080602646 0.351306261364
180.0 19.8641616034 -6.53741740496 0.350442605673
181.0 19.9749437435 -6.57387648666 0.349582747288
182.0 20.0852648251 -6.61018383118 0.348726668362
183.0 20.1951265699 -6.64634000515 0.34787435099
184.0 20.3045307197 -6.68234558178 0.347025777216
185.0 20.4134790349 -6.71820114047 0.346180929036
186.0 20.5219732939 -6.75390726646 0.34533978841
187.0 20.6300152914 -6.78946455046 0.344502337263
188.0 20.7376068382 -6.82487358834 0.343668557496
189.0 20.8447497594 -6.86013498075 0.342838430985
190.0 20.9514458934 -6.89524933279 0.342011939592
191.0 21.0576970916 -6.93021725372 0.341189065163
192.0 21.1635052171 -6.96503935675 0.340369789545
193.0 21.268872144 -6.99971625857 0.339554094576
194.0 21.3737997564 -7.03424857929 0.338741962102
195.0 21.4782899473 -7.06863694194 0.337933373971
196.0 21.5823446187 -7.10288197242 0.337128312042
197.0 21.6859656801 -7.1369842992 0.336326758195
198.0 21.7891550481 -7.17094455304 0.335528694322
199.0 21.8919146455 -7.20476336674 0.334734102338
200.0 21.9942464007 -7.23844137496 0.333942964181
201.0 22.0961522476 -7.27197921414 0.333155261827
202.0 22.1976341241 -7.30537752203 0.332370977272
203.0 22.2986939721 -7.33863693778 0.331590092556
204.0 22.3993337367 -7.37175810153 0.33081258975
205.0 22.4995553658 -7.40474165429 0.330038450968
206.0 22.5993608095 -7.43758823789 0.329267658366
207.0 22.6987520197 -7.47029849469 0.328500194148
208.0 22.7977309492 -7.50287306742 0.327736040561
209.0 22.896299552 -7.53531259909 0.326975179906
210.0 22.994459782 -7.56761773277 0.32621759453
211.0 23.0922135933 -7.59978911155 0.325463266842
212.0 23.1895629392 -7.63182737832 0.3247121793
213.0 23.2865097725 -7.66373317572 0.323964314426
214.0 23.3830560445 -7.69550714591 0.323219654798
215.0 23.4792037044 -7.72714993043 0.322478183052
216.0 23.5749547002 -7.75866217036 0.321739881894
217.0 23.6703109771 -7.79004450587 0.321004734089
218.0 23.7652744774 -7.82129757622 0.320272722468
219.0 23.8598471411 -7.85242201984 0.319543829933
220.0 23.9540309043 -7.88341847391 0.318818039448
221.0 24.0478277001 -7.91428757462 0.318095334053
222.0 24.1412394573 -7.94502995679 0.317375696853
223.0 24.234268101 -7.97564625394 0.31665911103
224.0 24.3269155518 -8.00613709817 0.315945559835
225.0 24.4191837258 -8.03650312011 0.315235026594
226.0 24.5110745342 -8.0667449487 0.314527494705
227.0 24.6025898835 -8.09686321137 0.313822947646
228.0 24.6937316747 -8.1268585338 0.313121368969
229.0 24.7845018035 -8.15673153987 0.312422742301
230.0 24.8749021601 -8.18648285162 0.311727051349
231.0 24.9649346287 -8.21611308918 0.311034279896
232.0 25.0546010878 -8.24562287076 0.310344411806
233.0 25.1439034099 -8.27501281265 0.309657431026
234.0 25.2328434608 -8.30428352883 0.308973321571
235.0 25.3214231002 -8.33343563138 0.308292067548
236.0 25.4096441812 -8.36246973018 0.30761365314
237.0 25.4975085501 -8.39138643283 0.306938062609
238.0 25.5850180467 -8.42018634485 0.306265280305
239.0 25.6721745035 -8.44887006929 0.305595290652
240.0 25.7589797463 -8.47743820704 0.304928078162
241.0 25.8454355934 -8.50589135654 0.304263627428
242.0 25.931543856 -8.53423011384 0.303601923122
243.0 26.0173063381 -8.56245507263 0.302942950002
244.0 26.1027248358 -8.59056682409 0.302286692909
245.0 26.1878011383 -8.61856595698 0.301633136767
246.0 26.2725370264 -8.64645305743 0.300982266579
247.0 26.3569342741 -8.67422870923 0.300334067438
248.0 26.4409946471 -8.7018934935 0.299688524516
249.0 26.5247199032 -8.72944798873 0.299045623068
250.0 26.6081117923 -8.75689277086 0.298405348432
251.0 26.6911720569 -8.78422841334 0.297767686035
252.0 26.7739024307 -8.81145548672 0.297132621378
253.0 26.8563046401 -8.83857455917 0.296500140055
254.0 26.9383804026 -8.86558619596 0.295870227733
255.0 27.0201314284 -8.8924909599 0.295242870173
256.0 27.1015594186 -8.91928941084 0.294618053208
257.0 27.182666067 -8.94598210624 0.293995762765
258.0 27.2634530581 -8.97256960045 0.29337598484
259.0 27.3439220691 -8.99905244546 0.292758705525
260.0 27.4240747684 -9.02543119035 0.292143910989
261.0 27.5039128159 -9.05170638144 0.291531587481
262.0 27.5834378636 -9.07787856234 0.290921721335
263.0 27.6626515547 -9.10394827387 0.290314298966
264.0 27.7415555241 -9.12991605408 0.289709306869
265.0 27.8201513983 -9.15578243829 0.289106731623
266.0 27.8984407954 -9.18154795902 0.288506559886
267.0 27.9764253252 -9.20721314601 0.2879087784
268.0 28.0541065888 -9.23277852627 0.287313373985
269.0 28.1314861789 -9.2582446239 0.28672033354
270.0 28.2085656796 -9.28361196031 0.286129644047
271.0 28.2853466672 -9.30888105419 0.285541292568
272.0 28.3618307088 -9.33405242135 0.284955266243
273.0 28.4380193632 -9.35912657475 0.284371552288
274.0 28.5139141812 -9.38410402478 0.283790138007
275.0 28.5895167046 -9.40898527889 0.283211010774
276.0 28.664828467 -9.43377084177 0.282634158043
277.0 28.7398509936 -9.45846121536 0.282059567349
278.0 28.8145858013 -9.48305689891 0.281487226303
279.0 28.8890343982 -9.50755838871 0.280917122591
280.0 28.9631982845 -9.53196617853 0.280349243981
281.0 29.0370789517 -9.55628075919 0.279783578312
282.0 29.110677883 -9.58050261883 0.279220113501
283.0 29.1839965537 -9.60463224302 0.278658837547
284.0 29.2570364295 -9.62867011408 0.27809973851
285.0 29.3297989694 -9.65261671219 0.27754280454
286.0 29.4022856236 -9.67647251462 0.276988023858
287.0 29.474497833 -9.70023799558 0.27643538475
288.0 29.5464370317 -9.72391362707 0.275884875588
289.0 29.618104645 -9.7474998781 0.275336484812
290.0 29.6895020898 -9.77099721505 0.274790200936
291.0 29.7606307751 -9.79440610161 0.274246012545
292.0 29.8314921019 -9.81772699882 0.273703908301
293.0 29.9020874627 -9.840960365 0.273163876933
294.0 29.9724182422 -9.86410665585 0.272625907245
295.0 30.0424858169 -9.88716632441 0.27208998811
296.0 30.1122915554 -9.91013982104 0.271556108472
297.0 30.1818368186 -9.93302759367 0.271024257351
298.0 30.2511229587 -9.95583008728 0.270494423828
299.0 30.3201513203 -9.97854774441 0.269966597057
300.0 30.3889232408 -10.0011810052 0.269440766268
301.0 30.4574400483 -10.0237303068 0.268916920748
302.0 30.5257030644 -10.046196084 0.268395049862
303.0 30.5937136025 -10.0685787692 0.267875143041
304.0 30.6614729679 -10.0908787919 0.267357189779
305.0 30.7289824584 -10.1130965792 0.266841179642
306.0 30.796243364 -10.1352325557 0.266327102261
307.0 30.8632569674 -10.1572871436 0.265814947334
308.0 30.9300245431 -10.1792607622 0.265304704623
309.0 30.9965473584 -10.2011538287 0.264796363958
