1.0 0.248624933333 -0.0818239903062 0.182444617084	1.0 0.246410861211 -0.0810953255926 0.189489703616
2.0 0.248641101912 -0.0818293114848 0.182444391422	2.0 0.246426888239 -0.0811006001859 0.189489471112
3.0 0.249349112118 -0.0820623219855 0.182434509826	3.0 0.247128700342 -0.0813315708529 0.189479289911
4.0 0.253470200124 -0.0834185973218 0.182376993715	4.0 0.251213723323 -0.0826759769681 0.189420029761
5.0 0.263937311539 -0.0868633878804 0.182230961365	5.0 0.261589325441 -0.0860906512561 0.189269568008
6.0 0.28179412631 -0.0927401751322 0.18198237678	6.0 0.279290325862 -0.0919161590497 0.189013439195
7.0 0.30688144305 -0.100996564925 0.181635711779	7.0 0.30415935465 -0.100100708938 0.1886562449
8.0 0.338771819084 -0.111491883252 0.181202410794	8.0 0.335773234634 -0.11050503072 0.188209770441
9.0 0.377344578681 -0.124186414992 0.180693419086	9.0 0.374012927799 -0.123089948254 0.187685287531
10.0 0.422898328514 -0.13917843343 0.180116804546	10.0 0.41917510063 -0.1379530963 0.187091103896
11.0 0.476029212224 -0.156664133095 0.179477839	11.0 0.471851502029 -0.155289223049 0.186432646345
12.0 0.537444541791 -0.176876294699 0.178779909876	12.0 0.532744269558 -0.175329406281 0.185713399396
13.0 0.607800935233 -0.200031015256 0.178025472002	13.0 0.602505497521 -0.19828825423 0.184935885512
14.0 0.687596900453 -0.226292356776 0.177216756993	14.0 0.681630744317 -0.224328858203 0.18410239592
15.0 0.777118835341 -0.255754574561 0.176356201364	15.0 0.770405465078 -0.253545163236 0.183215431891
16.0 0.878049708352 -0.288971543849 0.175439488955	16.0 0.870500103792 -0.286486922689 0.182270537022
17.0 0.988177323917 -0.325215217513 0.174479039894	17.0 0.979723007618 -0.322432850171 0.181280496245
18.0 1.10817997233 -0.364708825049 0.173474083031	18.0 1.09874860027 -0.361604902662 0.180244505009
19.0 1.2377268782 -0.407343506243 0.172427964382	19.0 1.22725080228 -0.403895765413 0.179166000459
20.0 1.3763793412 -0.452974882135 0.171344206112	20.0 1.36479648102 -0.449162891814 0.17804860179
21.0 1.52361847553 -0.501432184216 0.170226422055	21.0 1.51087290996 -0.497237540425 0.176896023441
22.0 1.6788696564 -0.552526299955 0.169078242278	22.0 1.66491197181 -0.547932740358 0.175711997537
23.0 1.84152326253 -0.606056599238 0.167903250014	23.0 1.8263106974 -0.60105005076 0.174500209032
24.0 2.01146758431 -0.661986317759 0.166703526884	24.0 1.99495991177 -0.656553541489 0.173262795958
25.0 2.18728222938 -0.719847995672 0.165484581619	25.0 2.16945203081 -0.713979967976 0.172005430628
26.0 2.36869605784 -0.779552399179 0.164248638917	26.0 2.34951933486 -0.773241222039 0.170730401127
27.0 2.55511513009 -0.840904059111 0.16299866806	27.0 2.53457370231 -0.834143749254 0.169440764293
28.0 2.7459674036 -0.903714712766 0.161737446212	28.0 2.72404854378 -0.896501081577 0.16813938005
29.0 2.94070686092 -0.967804662452 0.160467554368	29.0 2.91740290246 -0.960135186806 0.166828907166
30.0 3.13881622619 -1.03300366951 0.159191377824	30.0 3.1141241574 -1.02487735824 0.165511803655
31.0 3.33980856084 -1.09915147947 0.157911110033	31.0 3.31372961714 -1.09056873917 0.164190330666
32.0 3.54322798198 -1.16609805848 0.156628758932	32.0 3.51576724436 -1.15706056132 0.162866558914
33.0 3.74864970563 -1.23370360753 0.155346154975	33.0 3.71981571162 -1.22421416327 0.16154237687
34.0 3.95567957979 -1.30183840877 0.154064960299	34.0 3.9254839515 -1.29190084232 0.160219500131
35.0 4.16395324137 -1.37038254808 0.152786678554	35.0 4.13241033337 -1.36000158362 0.158899481457
36.0 4.3731350042 -1.43922554908 0.151512665035	36.0 4.34026157334 -1.42840670138 0.157583721153
37.0 4.58291656376 -1.50826594686 0.150244136874	37.0 4.54873146157 -1.49701542009 0.156273477486
38.0 4.79301558523 -1.57741082331 0.148982183055	38.0 4.75753947356 -1.56573541739 0.154969876956
39.0 5.00317422772 -1.64657532139 0.147727774155	39.0 4.96642931705 -1.63448234595 0.153673924265
40.0 5.21315764433 -1.71568215157 0.146481771672	40.0 5.17516745426 -1.70317934703 0.152386511886
41.0 5.42275248864 -1.78466110022 0.145244936905	41.0 5.38354162986 -1.77175656612 0.151108429162
42.0 5.63176545018 -1.85344854768 0.144017939327	42.0 5.59135942652 -1.84015067749 0.149840370894
43.0 5.84002183527 -1.92198700119 0.142801364448	43.0 5.79844686495 -1.90830442349 0.148582945408
44.0 6.04736420435 -1.99022464642 0.141595721147	44.0 6.00464705908 -1.97616617194 0.147336682078
45.0 6.25365107388 -2.05811492029 0.140401448493	45.0 6.20981893449 -2.0436894944 0.146102038328
46.0 6.45875568681 -2.12561610625 0.139218922068	46.0 6.41383601429 -2.11083276654 0.14487940612
47.0 6.66256485431 -2.19269095318 0.138048459799	47.0 6.61658527513 -2.17755879169 0.143669117951
48.0 6.8649778691 -2.25930631769 0.136890327341	48.0 6.81796607322 -2.24383444735 0.142471452373
49.0 7.06590548955 -2.32543282981 0.135744743018	49.0 7.01788914054 -2.30963035488 0.14128663908
50.0 7.26526899284 -2.39104458138 0.134611882365	50.0 7.21627564878 -2.37492057139 0.14011486357
51.0 7.46299929495 -2.45611883643 0.133491882289	51.0 7.41305633896 -2.43968230333 0.138956271421
52.0 7.65903613397 -2.52063576239 0.132384844868	52.0 7.60817071399 -2.50389564073 0.137810972209
53.0 7.85332731458 -2.58457818146 0.131290840835	53.0 7.80156629079 -2.5675433111 0.13667904308
54.0 8.04582800913 -2.64793134059 0.130209912752	54.0 7.993197909 -2.63061045187 0.13556053202
55.0 8.23650011297 -2.7106826993 0.129142077903	55.0 8.18302709263 -2.69308440037 0.13445546084
56.0 8.42531164987 -2.77282173402 0.128087330939	56.0 8.37102146145 -2.75495450007 0.133363827887
57.0 8.61223622466 -2.83433975794 0.127045646275	57.0 8.55715418871 -2.81621192211 0.132285610523
58.0 8.79725251928 -2.89522975515 0.126016980278	58.0 8.74140350241 -2.8768495012 0.131220767378
59.0 8.98034383024 -2.95548622844 0.125001273261	59.0 8.92375222622 -2.9368615845 0.130169240398
60.0 9.16149764278 -3.01510505911 0.123998451281	60.0 9.1041873581 -2.99624389295 0.129130956711
61.0 9.34070524071 -3.07408337862 0.123008427787	61.0 9.28269968298 -3.05499339384 0.128105830316
62.0 9.51796134803 -3.1324194506 0.122031105106	62.0 9.45928341755 -3.11310818382 0.12709376362
63.0 9.69326380053 -3.1901125628 0.121066375797	63.0 9.63393588453 -3.1705873818 0.126094648841
64.0 9.86661324446 -3.2471629279 0.120114123872	64.0 9.80665721356 -3.22743103043 0.125108369262
65.0 10.0380128609 -3.30357159282 0.11917422591	65.0 9.97745006745 -3.28364000608 0.124134800384
66.0 10.2074681129 -3.35934035548 0.118246552061	66.0 10.1463193915 -3.33921593624 0.123173810965
67.0 10.3749865145 -3.41447168878 0.117330966956	67.0 10.3132721836 -3.39416112399 0.122225263959
68.0 10.5405774186 -3.46896867084 0.116427330527	68.0 10.4783172839 -3.44847847868 0.121289017369
69.0 10.7042518239 -3.52283492139 0.115535498755	69.0 10.6414651826 -3.5021714527 0.120364925015
70.0 10.8660221974 -3.57607454342 0.114655324339	70.0 10.8027278439 -3.55524398349 0.119452837233
71.0 11.0259023131 -3.62869206997 0.113786657302	71.0 10.9621185447 -3.60770044062 0.118552601496
72.0 11.1839071033 -3.68069241545 0.112929345537	72.0 11.1196517278 -3.65954557729 0.117664062989
73.0 11.3400525246 -3.73208083117 0.1120832353	73.0 11.2753428675 -3.71078448619 0.116787065113
74.0 11.4943554335 -3.78286286478 0.11124817165	74.0 11.4292083466 -3.76142255895 0.115921449944
75.0 11.6468334747 -3.83304432326 0.110423998851	75.0 11.5812653441 -3.81146544937 0.115067058653
76.0 11.7975049779 -3.882631239 0.109610560722	76.0 11.7315317335 -3.86091903966 0.11422373187
77.0 11.9463888645 -3.93162983914 0.108807700963	77.0 11.8800259889 -3.90978940978 0.113391310018
78.0 12.0935045621 -3.98004651741 0.108015263438	78.0 12.0267670999 -3.95808280935 0.112569633613
79.0 12.2388719266 -4.02788780858 0.107233092429	79.0 12.1717744946 -4.00580563223 0.111758543529
80.0 12.382511172 -4.07516036514 0.106461032864	80.0 12.3150679683 -4.0529643932 0.110957881235
81.0 12.5244428058 -4.12187093625 0.105698930524	81.0 12.4566676196 -4.09956570682 0.110167489004
82.0 12.6646875703 -4.16802634832 0.104946632211	82.0 12.5965937919 -4.14561626825 0.109387210107
83.0 12.8032663898 -4.2136334877 0.104203985918	83.0 12.7348670203 -4.19112283571 0.10861688897
84.0 12.9402003224 -4.2586992847 0.103470840961	84.0 12.8715079834 -4.23609221464 0.107856371325
85.0 13.0755105162 -4.30323069929 0.102747048101	85.0 13.0065374592 -4.28053124324 0.10710550434
86.0 13.2092181697 -4.34723470805 0.102032459655	86.0 13.1399762862 -4.32444677954 0.106364136727
87.0 13.3413444963 -4.39071829243 0.101326929586	87.0 13.2718453269 -4.36784568956 0.105632118843
88.0 13.4719106919 -4.43368842811 0.100630313579	88.0 13.4021654356 -4.41073483655 0.104909302771
89.0 13.6009379056 -4.47615207542 0.0999424691171	89.0 13.5309574292 -4.45312107149 0.104195542396
90.0 13.7284472136 -4.51811617069 0.0992632555299	90.0 13.6582420608 -4.49501122435 0.103490693463
91.0 13.854459596 -4.55958761853 0.0985925340479	91.0 13.7840399959 -4.53641209627 0.102794613632
92.0 13.9789959152 -4.60057328493 0.0979301678401	92.0 13.9083717914 -4.57733045266 0.102107162518
93.0 14.1020768972 -4.64107999093 0.0972760220445	93.0 14.0312578762 -4.61777301679 0.101428201726
94.0 14.223723115 -4.68111450721 0.0966299637953	94.0 14.1527185345 -4.65774646431 0.100757594879
95.0 14.343954973 -4.72068354902 0.0959918622382	95.0 14.2727738904 -4.69725741821 0.100095207639
96.0 14.4627926946 -4.759793772 0.0953615885465	96.0 14.3914438947 -4.73631244438 0.0994409077221
97.0 14.5802563099 -4.79845176816 0.094739015927	97.0 14.5087483128 -4.77491804779 0.0987945649062
98.0 14.6963656457 -4.83666406264 0.0941240196235	98.0 14.6247067145 -4.81308066893 0.098156051038
99.0 14.8111403163 -4.87443711062 0.0935164769157	99.0 14.7393384646 -4.85080668088 0.0975252400325
100.0 14.9245997161 -4.91177729491 0.0929162671153	100.0 14.8526627149 -4.88810238666 0.0969020078696
101.0 15.0367630125 -4.94869092362 0.0923232715573	101.0 14.9646983979 -4.92497401701 0.0962862325884
102.0 15.1476491407 -4.98518422846 0.0917373735909	102.0 15.0754642202 -4.96142772841 0.0956777942764
103.0 15.2572767985 -5.02126336294 0.0911584585637	103.0 15.1849786578 -4.99746960145 0.0950765750571
104.0 15.3656644423 -5.05693440123 0.0905864138077	104.0 15.2932599522 -5.03310563949 0.0944824590753
105.0 15.4728302844 -5.09220333708 0.090021128622	105.0 15.4003261068 -5.06834176759 0.0938953324813
106.0 15.57879229 -5.12707608296 0.0894624942524	106.0 15.5061948843 -5.10318383152 0.0933150834097
107.0 15.6835681755 -5.16155846945 0.0889104038712	107.0 15.6108838043 -5.13763759712 0.0927416019602
108.0 15.7871754073 -5.19565624481 0.0883647525548	108.0 15.7144101425 -5.17170874991 0.0921747801765
109.0 15.8896312003 -5.22937507462 0.087825437259	109.0 15.8167909287 -5.20540289455 0.0916145120206
110.0 15.9909525187 -5.2627205419 0.0872923567978	110.0 15.9180429475 -5.23872555486 0.091060693351
111.0 16.0911560751 -5.29569814681 0.0867654118141	111.0 16.0181827369 -5.2716821737 0.0905132218964
112.0 16.1902583311 -5.32831330702 0.0862445047563	112.0 16.1172265898 -5.30427811308 0.0899719972292
113.0 16.2882754985 -5.36057135793 0.0857295398516	113.0 16.2151905536 -5.33651865437 0.0894369207408
114.0 16.3852235398 -5.39247755289 0.0852204230768	114.0 16.3120904319 -5.36840899859 0.0889078956116
115.0 16.4811181703 -5.42403706388 0.0847170621343	115.0 16.4079417856 -5.39995426689 0.0883848267873
116.0 16.575974859 -5.45525498187 0.0842193664218	116.0 16.5027599334 -5.43115950085 0.0878676209461
117.0 16.6698088309 -5.48613631747 0.0837272470053	117.0 16.5965599553 -5.46202966329 0.0873561864756
118.0 16.7626350688 -5.51668600163 0.0832406165909	118.0 16.6893566928 -5.49256963871 0.0868504334414
119.0 16.8544683153 -5.54690888624 0.0827593894958	119.0 16.781164752 -5.52278423401 0.0863502735591
120.0 16.9453230758 -5.5768097451 0.0822834816226	120.0 16.8719985054 -5.55267817931 0.0858556201677
121.0 17.0352136205 -5.60639327466 0.0818128104294	121.0 16.9618720942 -5.58225612854 0.0853663881979
122.0 17.1241539873 -5.63566409482 0.0813472949021	122.0 17.0507994313 -5.61152266056 0.0848824941482
123.0 17.2121579841 -5.66462674985 0.0808868555265	123.0 17.1387942035 -5.64048227973 0.0844038560534
124.0 17.299239192 -5.69328570941 0.0804314142613	124.0 17.225869874 -5.66913941693 0.083930393457
125.0 17.385410968 -5.72164536939 0.0799808945107	125.0 17.312039686 -5.69749843049 0.0834620273851
126.0 17.4706864483 -5.74971005292 0.0795352210965	126.0 17.3973166645 -5.7255636071 0.0829986803179
127.0 17.5550785508 -5.77748401138 0.0790943202318	127.0 17.4817136199 -5.75333916271 0.0825402761615
128.0 17.6385999783 -5.80497142539 0.0786581194946	128.0 17.5652431509 -5.78082924361 0.0820867402222
129.0 17.7212632218 -5.83217640578 0.0782265478004	129.0 17.647917647 -5.80803792731 0.0816379991795
130.0 17.8030805634 -5.85910299468 0.0777995353781	130.0 17.7297492923 -5.83496922363 0.0811939810595
131.0 17.8840640798 -5.88575516656 0.077377013743	131.0 17.8107500678 -5.86162707559 0.0807546152088
132.0 17.9642256447 -5.91213682917 0.0769589156718	132.0 17.8909317549 -5.88801536057 0.0803198322698
133.0 18.0435769326 -5.93825182468 0.0765451751785	133.0 17.9703059384 -5.91413789111 0.0798895641532
134.0 18.122129422 -5.96410393067 0.0761357274889	134.0 18.0488840091 -5.93999841608 0.0794637440153
135.0 18.1998943979 -5.98969686115 0.0757305090172	135.0 18.1266771677 -5.96560062168 0.079042306233
136.0 18.2768829555 -6.01503426761 0.075329457342	136.0 18.2036964274 -5.99094813237 0.0786251863785
137.0 18.3531060033 -6.04011974008 0.0749325111832	137.0 18.2799526166 -6.01604451191 0.0782123211965
138.0 18.4285742659 -6.06495680813 0.0745396103794	138.0 18.3554563828 -6.0408932644 0.0778036485813
139.0 18.5032982872 -6.08954894182 0.0741506958642	139.0 18.4302181947 -6.06549783518 0.0773991075524
140.0 18.5772884339 -6.11389955283 0.0737657096457	140.0 18.5042483458 -6.0898616119 0.0769986382332
141.0 18.6505548976 -6.13801199537 0.0733845947835	141.0 18.5775569572 -6.1139879255 0.0766021818285
142.0 18.7231076989 -6.16188956722 0.0730072953685	142.0 18.6501539805 -6.13788005109 0.0762096806024
143.0 18.7949566894 -6.18553551062 0.0726337565006	143.0 18.7220492008 -6.16154120902 0.0758210778579
144.0 18.8661115554 -6.20895301339 0.07226392427	144.0 18.7932522395 -6.1849745657 0.075436317914
145.0 18.9365818205 -6.23214520983 0.0718977457363	145.0 18.8637725571 -6.20818323472 0.0750553460881
146.0 19.0063768485 -6.25511518158 0.071535168908	146.0 18.9336194563 -6.23117027761 0.0746781086732
147.0 19.0755058461 -6.27786595863 0.0711761427242	147.0 19.0028020847 -6.25393870487 0.07430455292
148.0 19.1439778659 -6.30040052026 0.0708206170354	148.0 19.071329437 -6.27649147678 0.073934627016
149.0 19.2118018091 -6.32272179592 0.0704685425851	149.0 19.1392103587 -6.29883150439 0.0735682800678
150.0 19.2789864284 -6.34483266615 0.0701198709913	150.0 19.2064535478 -6.32096165033 0.0732054620819
151.0 19.3455403303 -6.36673596342 0.0697745547288	151.0 19.2730675584 -6.34288472972 0.0728461239469
152.0 19.4114719781 -6.38843447304 0.0694325471121	152.0 19.3390608022 -6.36460351099 0.0724902174147
153.0 19.4767896944 -6.40993093406 0.0690938022783	153.0 19.4044415522 -6.38612071678 0.0721376950845
154.0 19.5415016636 -6.43122803999 0.0687582751696	154.0 19.4692179445 -6.40743902472 0.0717885103847
155.0 19.6056159346 -6.45232843978 0.0684259215184	155.0 19.5333979807 -6.42856106825 0.0714426175561
156.0 19.6691404231 -6.47323473851 0.0680966978297	156.0 19.5969895311 -6.44948943747 0.0710999716361
157.0 19.7320829138 -6.49394949822 0.067770561366	157.0 19.6600003362 -6.47022667987 0.0707605284424
158.0 19.7944510638 -6.51447523888 0.0674474701334	158.0 19.7224380098 -6.49077530116 0.0704242445569
159.0 19.8562524038 -6.53481443885 0.0671273828642	159.0 19.7843100406 -6.51113776595 0.0700910773101
160.0 19.9174943407 -6.55496953588 0.0668102590033	160.0 19.8456237955 -6.5313164987 0.0697609847683
161.0 19.9781841607 -6.57494292783 0.0664960586946	161.0 19.9063865206 -6.55131388416 0.0694339257152
162.0 20.0383290304 -6.59473697331 0.0661847427658	162.0 19.9666053444 -6.57113226838 0.0691098596405
163.0 20.0979359998 -6.6143539925 0.0658762727151	163.0 20.0262872795 -6.59077395924 0.0687887467242
164.0 20.1570120041 -6.63379626778 0.0655706106973	164.0 20.0854392251 -6.6102412273 0.0684705478243
165.0 20.2155638658 -6.65306604457 0.0652677195117	165.0 20.1440679683 -6.62953630624 0.0681552244602
166.0 20.2735982972 -6.67216553184 0.0649675625881	166.0 20.2021801873 -6.64866139388 0.067842738804
167.0 20.3311219018 -6.69109690288 0.0646701039747	167.0 20.2597824523 -6.66761865256 0.0675330536634
168.0 20.3881411767 -6.70986229594 0.0643753083256	168.0 20.3168812282 -6.6864102099 0.0672261324713
169.0 20.4446625146 -6.72846381489 0.0640831408888	169.0 20.3734828764 -6.70503815944 0.0669219392729
170.0 20.5006922057 -6.74690352984 0.0637935674945	170.0 20.4295936565 -6.72350456125 0.0666204387135
171.0 20.5562364394 -6.76518347778 0.0635065545435	171.0 20.4852197282 -6.74181144261 0.0663215960269
172.0 20.6113013064 -6.78330566321 0.0632220689961	172.0 20.5403671536 -6.75996079851 0.0660253770236
173.0 20.6658928003 -6.80127205864 0.0629400783602	173.0 20.5950418982 -6.77795459224 0.0657317480789
174.0 20.7200168196 -6.81908460532 0.0626605506819	174.0 20.6492498333 -6.79579475615 0.0654406761233
175.0 20.7736791693 -6.83674521371 0.0623834545335	175.0 20.7029967376 -6.81348319195 0.0651521286298
176.0 20.8268855628 -6.85425576411 0.0621087590042	176.0 20.7562882986 -6.83102177152 0.0648660736051
177.0 20.8796416232 -6.87161810713 0.0618364336894	177.0 20.8091301149 -6.84841233731 0.0645824795777
178.0 20.9319528857 -6.88883406443 0.0615664486816	178.0 20.8615276968 -6.86565670285 0.0643013155883
179.0 20.9838247983 -6.90590542899 0.0612987745595	179.0 20.9134864691 -6.88275665346 0.0640225511803
180.0 21.0352627239 -6.92283396576 0.061033382379	180.0 20.9650117718 -6.89971394658 0.0637461563897
181.0 21.0862719421 -6.93962141227 0.060770243665	181.0 21.0161088619 -6.91653031231 0.0634721017346
182.0 21.1368576499 -6.95626947896 0.0605093304008	182.0 21.0667829154 -6.93320745407 0.0632003582086
183.0 21.1870249644 -6.97277984982 0.0602506150204	183.0 21.1170390276 -6.9497470488 0.0629308972681
184.0 21.2367789231 -6.98915418273 0.0599940703987	184.0 21.1668822159 -6.96615074774 0.0626636908266
185.0 21.2861244857 -7.00539411003 0.0597396698441	185.0 21.2163174202 -6.98242017667 0.0623987112438
186.0 21.3350665362 -7.02150123897 0.0594873870896	186.0 21.2653495052 -6.99855693652 0.0621359313185
187.0 21.3836098833 -7.0374771522 0.0592371962851	187.0 21.3139832605 -7.01456260366 0.0618753242786
188.0 21.4317592621 -7.05332340808 0.0589890719888	188.0 21.3622234034 -7.03043873051 0.0616168637751
189.0 21.4795193361 -7.06904154132 0.0587429891604	189.0 21.4100745793 -7.04618684596 0.0613605238728
190.0 21.5268946972 -7.08463306319 0.0584989231522	190.0 21.4575413629 -7.06180845554 0.0611062790415
191.0 21.573889868 -7.10009946213 0.0582568497029	191.0 21.5046282602 -7.07730504224 0.0608541041509
192.0 21.620509303 -7.11544220407 0.0580167449299	192.0 21.5513397092 -7.09267806657 0.0606039744609
193.0 21.6667573891 -7.13066273284 0.0577785853219	193.0 21.5976800811 -7.10792896716 0.0603558656154
194.0 21.7126384474 -7.14576247052 0.0575423477319	194.0 21.6436536817 -7.12305916106 0.0601097536345
195.0 21.7581567346 -7.16074281798 0.0573080093711	195.0 21.6892647525 -7.13807004416 0.059865614908
196.0 21.8033164433 -7.17560515505 0.0570755478012	196.0 21.7345174717 -7.15296299157 0.0596234261883
197.0 21.8481217039 -7.1903508411 0.0568449409289	197.0 21.7794159554 -7.16773935793 0.0593831645834
198.0 21.8925765855 -7.20498121527 0.0566161669988	198.0 21.8239642593 -7.18240047793 0.0591448075515
199.0 21.9366850967 -7.21949759681 0.0563892045872	199.0 21.8681663784 -7.1969476664 0.0589083328922
200.0 21.9804511872 -7.2339012856 0.0561640325965	200.0 21.9120262494 -7.21138221892 0.0586737187426
201.0 22.0238787482 -7.24819356226 0.0559406302482	201.0 21.955547751 -7.225705412 0.0584409435702
202.0 22.0669716141 -7.26237568869 0.0557189770784	202.0 21.9987347052 -7.23991850349 0.0582099861664
203.0 22.1097335629 -7.27644890829 0.0554990529308	203.0 22.0415908783 -7.25402273287 0.0579808256414
204.0 22.1521683176 -7.29041444629 0.0552808379517	204.0 22.0841199815 -7.26801932158 0.0577534414176
205.0 22.194279547 -7.30427351016 0.0550643125847	205.0 22.1263256727 -7.28190947337 0.0575278132249
206.0 22.2360708667 -7.31802728976 0.0548494575644	206.0 22.1682115561 -7.29569437448 0.0573039210938
207.0 22.27754584 -7.33167695782 0.0546362539127	207.0 22.2097811847 -7.30937519418 0.0570817453518
208.0 22.3187079786 -7.34522367006 0.0544246829313	208.0 22.2510380598 -7.32295308478 0.0568612666159
209.0 22.3595607438 -7.35866856565 0.054214726199	209.0 22.2919856327 -7.33642918215 0.0566424657892
210.0 22.4001075476 -7.37201276742 0.0540063655655	210.0 22.3326273056 -7.34980460594 0.0564253240554
211.0 22.4403517527 -7.38525738213 0.0537995831467	211.0 22.3729664317 -7.36308045973 0.0562098228723
212.0 22.4802966741 -7.39840350074 0.0535943613201	212.0 22.4130063169 -7.37625783153 0.0559959439695
213.0 22.5199455798 -7.41145219877 0.0533906827201	213.0 22.4527502202 -7.38933779383 0.0557836693411
214.0 22.5593016914 -7.42440453646 0.0531885302335	214.0 22.4922013546 -7.4023214041 0.0555729812432
215.0 22.5983681848 -7.43726155902 0.0529878869944	215.0 22.5313628875 -7.41520970474 0.0553638621871
216.0 22.6371481915 -7.45002429703 0.0527887363813	216.0 22.5702379422 -7.42800372365 0.0551562949367
217.0 22.6756447987 -7.46269376657 0.0525910620114	217.0 22.608829598 -7.44070447426 0.0549502625031
218.0 22.7138610506 -7.47527096942 0.0523948477366	218.0 22.6471408913 -7.45331295583 0.0547457481398
219.0 22.7517999487 -7.48775689347 0.0522000776404	219.0 22.6851748163 -7.46583015379 0.0545427353403
220.0 22.789464453 -7.50015251281 0.0520067360328	220.0 22.7229343253 -7.47825703976 0.0543412078315
221.0 22.826857482 -7.51245878798 0.0518148074465	221.0 22.7604223302 -7.4905945721 0.0541411495724
222.0 22.8639819142 -7.5246766663 0.0516242766337	222.0 22.7976417024 -7.50284369575 0.0539425447471
223.0 22.9008405883 -7.53680708199 0.0514351285619	223.0 22.8345952739 -7.51500534274 0.0537453777633
224.0 22.9374363038 -7.54885095638 0.0512473484096	224.0 22.8712858376 -7.52708043229 0.0535496332471
225.0 22.9737718218 -7.5608091982 0.0510609215637	225.0 22.9077161488 -7.53906987111 0.0533552960405
226.0 23.0098498659 -7.57268270377 0.0508758336155	226.0 22.9438889246 -7.55097455345 0.053162351196
227.0 23.0456731223 -7.58447235713 0.0506920703569	227.0 22.9798068453 -7.56279536143 0.0529707839744
228.0 23.0812442406 -7.59617903033 0.0505096177772	228.0 23.015472555 -7.57453316524 0.052780579841
229.0 23.1165658351 -7.60780358368 0.0503284620606	229.0 23.050888662 -7.58618882325 0.0525917244614
230.0 23.1516404839 -7.61934686571 0.0501485895808	230.0 23.0860577395 -7.59776318233 0.0524042036994
231.0 23.1864707309 -7.63080971361 0.0499699869001	231.0 23.1209823259 -7.60925707789 0.0522180036122
232.0 23.2210590857 -7.6421929533 0.0497926407646	232.0 23.1556649257 -7.62067133418 0.0520331104482
233.0 23.2554080244 -7.65349739965 0.0496165381022	233.0 23.1901080099 -7.63200676442 0.0518495106433
234.0 23.2895199897 -7.66472385664 0.049441666019	234.0 23.2243140167 -7.64326417105 0.0516671908185
235.0 23.3233973921 -7.67587311754 0.0492680117962	235.0 23.2582853519 -7.6544443458 0.0514861377756
236.0 23.3570426099 -7.68694596505 0.0490955628874	236.0 23.2920243893 -7.66554806992 0.0513063384951
237.0 23.3904579902 -7.69794317161 0.0489243069161	237.0 23.3255334714 -7.67657611432 0.051127780133
238.0 23.4236458484 -7.70886549931 0.0487542316718	238.0 23.3588149098 -7.68752923981 0.0509504500179
239.0 23.4566084704 -7.71971370033 0.0485853251087	239.0 23.3918709859 -7.69840819719 0.0507743356482
240.0 23.4893481113 -7.73048851696 0.048417575342	240.0 23.4247039511 -7.70921372738 0.050599424689
241.0 23.5218669971 -7.7411906817 0.0482509706453	241.0 23.4573160274 -7.71994656171 0.05042570497
242.0 23.5541673247 -7.7518209176 0.0480854994487	242.0 23.489709408 -7.73060742192 0.0502531644823
243.0 23.5862512622 -7.76237993819 0.0479211503352	243.0 23.5218862574 -7.74119702039 0.0500817913755
244.0 23.6181209499 -7.77286844785 0.0477579120392	244.0 23.5538487125 -7.75171606038 0.0499115739567
245.0 23.6497785001 -7.78328714178 0.0475957734436	245.0 23.5855988822 -7.76216523594 0.0497425006854
246.0 23.6812259981 -7.79363670624 0.0474347235774	246.0 23.6171388483 -7.77254523221 0.0495745601731
247.0 23.7124655023 -7.80391781864 0.047274751613	247.0 23.6484706664 -7.78285672567 0.0494077411806
248.0 23.7434990447 -7.81413114775 0.047115846865	248.0 23.679596365 -7.79310038399 0.0492420326145
249.0 23.7743286311 -7.82427735372 0.0469579987863	249.0 23.7105179473 -7.80327686635 0.0490774235255
250.0 23.8049562421 -7.83435708832 0.0468011969675	250.0 23.7412373909 -7.81338682364 0.048913903107
251.0 23.8353838328 -7.84437099505 0.0466454311335	251.0 23.7717566483 -7.8234308984 0.0487514606912
252.0 23.8656133339 -7.85431970923 0.0464906911422	252.0 23.802077647 -7.83340972504 0.0485900857478
253.0 23.8956466513 -7.86420385818 0.0463369669818	253.0 23.8322022909 -7.84332393008 0.0484297678824
254.0 23.925485667 -7.87402406124 0.046184248769	254.0 23.8621324592 -7.85317413203 0.0482704968326
255.0 23.9551322394 -7.88378093002 0.0460325267468	255.0 23.891870008 -7.86296094171 0.0481122624678
256.0 23.9845882035 -7.89347506845 0.0458817912828	256.0 23.92141677 -7.87268496229 0.0479550547859
257.0 24.0138553717 -7.903107073 0.0457320328677	257.0 23.9507745551 -7.88234678941 0.0477988639119
258.0 24.0429355332 -7.91267753248 0.0455832421111	258.0 23.9799451507 -7.8919470113 0.0476436800957
259.0 24.0718304555 -7.92218702863 0.0454354097431	259.0 24.0089303219 -7.9014862089 0.0474894937099
260.0 24.1005418841 -7.93163613585 0.0452885266098	260.0 24.0377318121 -7.91096495598 0.0473362952487
261.0 24.1290715427 -7.94102542146 0.0451425836723	261.0 24.0663513435 -7.92038381927 0.0471840753252
262.0 24.1574211339 -7.95035544578 0.0449975720051	262.0 24.0947906166 -7.92974335847 0.0470328246701
263.0 24.1855923395 -7.95962676232 0.0448534827944	263.0 24.1230513113 -7.9390441264 0.046882534129
264.0 24.2135868204 -7.96883991768 0.0447103073358	264.0 24.1511350869 -7.94828666918 0.046733194662
265.0 24.2414062177 -7.97799545192 0.0445680370335	265.0 24.1790435827 -7.95747152628 0.046584797341
266.0 24.2690521518 -7.98709389839 0.0444266633977	266.0 24.2067784176 -7.96659923054 0.0464373333479
267.0 24.2965262242 -7.99613578409 0.0442861780439	267.0 24.2343411913 -7.97567030841 0.046290793974
268.0 24.3238300162 -8.00512162949 0.0441465726901	268.0 24.2617334841 -7.98468527995 0.0461451706169
269.0 24.3509650906 -8.01405194888 0.0440078391569	269.0 24.288956857 -7.99364465894 0.0460004547801
270.0 24.377932991 -8.02292725029 0.0438699693642	270.0 24.3160128525 -8.00254895297 0.0458566380702
271.0 24.4047352428 -8.03174803575 0.0437329553315	271.0 24.3429029944 -8.01139866358 0.0457137121968
272.0 24.4313733527 -8.04051480109 0.0435967891742	272.0 24.3696287885 -8.02019428632 0.04557166897
273.0 24.45784881 -8.04922803642 0.0434614631046	273.0 24.3961917223 -8.02893631075 0.0454305002986
274.0 24.4841630854 -8.05788822584 0.0433269694282	274.0 24.422593266 -8.03762522069 0.0452901981896
275.0 24.5103176328 -8.0664958478 0.0431933005443	275.0 24.4488348722 -8.04626149423 0.0451507547463
276.0 24.5363138887 -8.07505137504 0.0430604489429	276.0 24.4749179762 -8.05484560372 0.0450121621664
277.0 24.5621532726 -8.08355527473 0.0429284072047	277.0 24.5008439967 -8.06337801605 0.0448744127416
278.0 24.5878371871 -8.09200800851 0.0427971679986	278.0 24.5266143352 -8.07185919249 0.0447374988549
279.0 24.6133670186 -8.10041003264 0.0426667240817	279.0 24.5522303773 -8.08028958904 0.0446014129808
280.0 24.6387441371 -8.10876179796 0.0425370682965	280.0 24.5776934919 -8.08866965623 0.0444661476825
281.0 24.6639698965 -8.11706375009 0.0424081935709	281.0 24.6030050325 -8.09699983947 0.0443316956117
282.0 24.6890456351 -8.12531632944 0.0422800929162	282.0 24.6281663362 -8.10528057883 0.0441980495063
283.0 24.7139726755 -8.13351997131 0.0421527594265	283.0 24.6531787253 -8.11351230945 0.0440652021906
284.0 24.7387523251 -8.14167510594 0.0420261862769	284.0 24.678043506 -8.12169546127 0.0439331465722
285.0 24.763385876 -8.14978215861 0.0419003667226	285.0 24.7027619701 -8.12983045941 0.0438018756425
286.0 24.7878746053 -8.15784154962 0.0417752940974	286.0 24.7273353942 -8.13791772397 0.0436713824741
287.0 24.8122197761 -8.16585369462 0.0416509618139	287.0 24.7517650403 -8.14595767033 0.0435416602207
288.0 24.836422636 -8.17381900425 0.0415273633599	288.0 24.7760521559 -8.15395070902 0.043412702115
289.0 24.8604844191 -8.18173788462 0.0414044922998	289.0 24.8001979745 -8.161897246 0.043284501469
290.0 24.884406345 -8.18961073717 0.0412823422722	290.0 24.8242037152 -8.16979768249 0.0431570516708
291.0 24.9081896198 -8.19743795875 0.0411609069891	291.0 24.8480705836 -8.17765241523 0.0430303461854
292.0 24.9318354354 -8.20521994167 0.0410401802345	292.0 24.8717997713 -8.18546183644 0.0429043785526
293.0 24.9553449708 -8.21295707396 0.0409201558646	293.0 24.8953924567 -8.19322633389 0.0427791423861
294.0 24.9787193911 -8.22064973902 0.0408008278048	294.0 24.9188498048 -8.20094629102 0.0426546313727
295.0 25.0019598486 -8.22829831613 0.0406821900506	295.0 24.9421729676 -8.20862208692 0.042530839271
296.0 25.0250674828 -8.23590318024 0.0405642366656	296.0 24.9653630841 -8.21625409648 0.0424077599107
297.0 25.0480434203 -8.24346470218 0.0404469617813	297.0 24.9884212806 -8.22384269037 0.0422853871911
298.0 25.0708887747 -8.25098324843 0.0403303595943	298.0 25.0113486708 -8.23138823509 0.0421637150806
299.0 25.0936046478 -8.25845918158 0.040214424368	299.0 25.0341463562 -8.23889109317 0.0420427376157
300.0 25.1161921289 -8.26589286013 0.0400991504298	300.0 25.0568154258 -8.24635162298 0.0419224488995
301.0 25.1386522955 -8.27328463869 0.0399845321716	301.0 25.0793569567 -8.25377017904 0.0418028431016
302.0 25.1609862125 -8.28063486775 0.0398705640466	302.0 25.1017720141 -8.26114711191 0.0416839144566
303.0 25.1831949337 -8.28794389409 0.0397572405712	303.0 25.1240616517 -8.26848276832 0.0415656572634
304.0 25.2052795011 -8.29521206067 0.0396445563225	304.0 25.1462269111 -8.27577749113 0.0414480658842
305.0 25.2272409453 -8.30243970662 0.0395325059377	305.0 25.168268823 -8.28303161952 0.0413311347438
306.0 25.2490802855 -8.30962716743 0.0394210841138	306.0 25.1901884067 -8.29024548892 0.0412148583286
307.0 25.27079853 -8.31677477488 0.0393102856059	307.0 25.2119866702 -8.29741943115 0.041099231186
308.0 25.2923966759 -8.32388285715 0.0392001052273	308.0 25.2336646108 -8.30455377434 0.040984247923
309.0 25.3138757098 -8.33095173892 0.0390905378484	309.0 25.255223215 -8.31164884319 0.0408699032062
