1.0 24.9491267965 -8.21091063465 1.00256246822
2.0 24.9491267969 -8.2109106348 1.00256246822
3.0 24.9491277268 -8.21091094082 1.00256246884
4.0 24.9491684636 -8.21092434754 1.00256249604
5.0 24.9495346537 -8.21104486296 1.0025627405
6.0 24.9509931147 -8.21152485141 1.00256371415
7.0 24.9546572146 -8.21273072918 1.00256616025
8.0 24.9616178287 -8.21502150995 1.00257080687
9.0 24.9726688533 -8.21865846992 1.00257818279
10.0 24.9886351819 -8.22391308659 1.00258883373
11.0 25.0093097628 -8.23071721795 1.00260260706
12.0 25.0348383145 -8.23911882088 1.00261956758
13.0 25.065114965 -8.24908305223 1.00263958418
14.0 25.1000109255 -8.26056752683 1.00266247383
15.0 25.1394296578 -8.27354047337 1.00268803294
16.0 25.1833386725 -8.2879911994 1.00271605745
17.0 25.231782215 -8.30393426632 1.00274635464
18.0 25.2848799633 -8.32140906095 1.00277874892
19.0 25.3428166178 -8.34047636924 1.00281308403
20.0 25.4058264738 -8.36121329928 1.00284922283
21.0 25.4741761057 -8.38370758228 1.00288704581
22.0 25.5481473464 -8.40805197127 1.00292644908
23.0 25.6280219406 -8.43433919005 1.00296734208
24.0 25.7140686126 -8.4626576775 1.00300964538
25.0 25.8065328334 -8.49308821962 1.0030532887
26.0 25.9056292593 -8.52570146114 1.00309820912
27.0 26.011536624 -8.56055622436 1.00314434966
28.0 26.1243947654 -8.5976985308 1.00319165804
29.0 26.2443034294 -8.63716120751 1.00324008566
30.0 26.3713224969 -8.67896396158 1.00328958692
31.0 26.5089449703 -8.72425636158 1.00334037452
32.0 26.6514481046 -8.77115501701 1.00339198622
33.0 26.8013433688 -8.82048646772 1.00344457098
34.0 26.9586061329 -8.87224260783 1.00349809434
35.0 27.1231878925 -8.92640747425 1.00355252327
36.0 27.2950190855 -8.98295817368 1.00360782595
37.0 27.4740118398 -9.04186578682 1.00366397175
38.0 27.6600625862 -9.10309622845 1.0037209311
39.0 27.8530545064 -9.16661105296 1.00377867539
40.0 28.0528597905 -9.23236819731 1.00383717705
41.0 28.2593416924 -9.30032265752 1.00389640937
42.0 28.4723563846 -9.37042709908 1.00395634656
43.0 28.6917546138 -9.44263240181 1.00401696372
44.0 28.9173831673 -9.51688814248 1.00407823679
45.0 29.1490861615 -9.59314301884 1.00414014254
46.0 29.3867061651 -9.67134521928 1.00420265859
47.0 29.6300851708 -9.75144274263 1.00426576333
48.0 29.8790654293 -9.83338367263 1.00432943596
49.0 30.1334901603 -9.91711641193 1.00439365642
50.0 30.3932041519 -10.0025898793 1.00445840542
51.0 30.6580542615 -10.0897536746 1.00452366439
52.0 30.9278898305 -10.1785582152 1.00458941547
53.0 31.2025630215 -10.2689548469 1.00465564148
54.0 31.4819290887 -10.3608959328 1.00472232591
55.0 31.7658465903 -10.4543349238 1.00478945289
56.0 32.0541775498 -10.5492264108 1.00485700718
57.0 32.3467875735 -10.6455261641 1.00492497412
58.0 32.6435459321 -10.7431911599 1.00499333967
59.0 32.9443256064 -10.8421795953 1.00506209031
60.0 33.249003311 -10.9424508964 1.00513121308
61.0 33.5574594896 -11.0439657164 1.00520069552
62.0 33.8695782947 -11.1466859293 1.00527052569
63.0 34.1852475502 -11.2505746172 1.00534069212
64.0 34.5043586991 -11.3555960533 1.00541118379
65.0 34.8268067425 -11.4617156819 1.00548199012
66.0 35.1524901686 -11.5689000947 1.00555310097
67.0 35.4813108756 -11.677117006 1.00562450658
68.0 35.8131740873 -11.7863352242 1.0056961976
69.0 36.1479882683 -11.8965246245 1.00576816505
70.0 36.4856650316 -12.0076561181 1.00584040027
71.0 36.8261190484 -12.119701623 1.00591289499
72.0 37.1692679553 -12.2326340327 1.00598564125
73.0 37.5150322602 -12.3464271859 1.00605863138
74.0 37.863335249 -12.4610558356 1.00613185803
75.0 38.2141028955 -12.5764956192 1.00620531415
76.0 38.5672637666 -12.6927230277 1.00627899291
77.0 38.9227489362 -12.8097153771 1.00635288782
78.0 39.2804918943 -12.9274507786 1.00642699257
79.0 39.640428462 -13.0459081104 1.00650130112
80.0 40.0024967075 -13.1650669904 1.00657580767
81.0 40.3666368638 -13.284907749 1.00665050662
82.0 40.7327912497 -13.405411403 1.0067253926
83.0 41.100904191 -13.5265596295 1.0068004604
84.0 41.4709219475 -13.6483347423 1.00687570506
85.0 41.8427926401 -13.7707196679 1.00695112176
86.0 42.2164661797 -13.8936979214 1.00702670588
87.0 42.5918942004 -14.0172535854 1.00710245296
88.0 42.9690299951 -14.1413712883 1.0071783587
89.0 43.3478284508 -14.2660361831 1.00725441896
90.0 43.7282459897 -14.3912339282 1.00733062976
91.0 44.1102405092 -14.5169506672 1.00740698724
92.0 44.4937713274 -14.6431730115 1.00748348767
93.0 44.8787991283 -14.7698880221 1.0075601275
94.0 45.2652859107 -14.8970831924 1.00763690326
95.0 45.6531949356 -15.0247464314 1.0077138116
96.0 46.0424906822 -15.1528660491 1.00779084932
97.0 46.4331387996 -15.2814307403 1.0078680133
98.0 46.8251060622 -15.4104295702 1.00794530053
99.0 47.2183603286 -15.539851961 1.00802270811
100.0 47.6128705007 -15.669687678 1.00810023325
101.0 48.0086064831 -15.7999268168 1.00817787324
102.0 48.4055391468 -15.9305597907 1.00825562543
103.0 48.8036402942 -16.0615773197 1.00833348732
104.0 49.2028826215 -16.1929704181 1.00841145644
105.0 49.603239689 -16.3247303843 1.00848953043
106.0 50.0046858865 -16.4568487898 1.008567707
107.0 50.407196404 -16.5893174696 1.00864598392
108.0 50.8107472027 -16.7221285123 1.00872435904
109.0 51.2153149869 -16.8552742512 1.00880283031
110.0 51.6208771747 -16.9887472544 1.00888139568
111.0 52.027411876 -17.1225403178 1.00896005322
112.0 52.4348978645 -17.2566464556 1.00903880103
113.0 52.8433145551 -17.3910588932 1.0091176373
114.0 53.2526419809 -17.5257710593 1.00919656023
115.0 53.6628607713 -17.660776579 1.00927556811
116.0 54.0739521303 -17.7960692663 1.00935465928
117.0 54.485897817 -17.9316431182 1.00943383211
118.0 54.898680126 -18.0674923075 1.00951308505
119.0 55.3122818679 -18.2036111773 1.00959241656
120.0 55.7266863528 -18.3399942347 1.00967182518
121.0 56.141877371 -18.476636145 1.00975130946
122.0 56.5578391793 -18.6135317271 1.00983086804
123.0 56.9745564812 -18.7506759468 1.00991049952
124.0 57.3920144166 -18.8880639135 1.00999020264
125.0 57.8101985415 -19.0256908736 1.0100699761
126.0 58.2290948185 -19.1635522073 1.01014981866
127.0 58.6486896007 -19.3016434234 1.01022972914
128.0 59.0689696199 -19.4399601552 1.01030970636
129.0 59.4899219721 -19.5784981559 1.01038974918
130.0 59.9115341081 -19.7172532955 1.0104698565
131.0 60.3337938198 -19.8562215562 1.01055002725
132.0 60.7566892295 -19.995399029 1.01063026038
133.0 61.1802087807 -20.1347819106 1.0107105549
134.0 61.6043412246 -20.274366499 1.0107909098
135.0 62.0290756131 -20.414149191 1.01087132414
136.0 62.4544012865 -20.5541264786 1.01095179695
137.0 62.880307868 -20.6942949465 1.01103232737
138.0 63.3067852501 -20.8346512684 1.01111291447
139.0 63.7338235904 -20.9751922051 1.01119355742
140.0 64.1614132999 -21.1159146008 1.01127425538
141.0 64.5895450369 -21.2568153811 1.01135500751
142.0 65.0182096992 -21.3978915503 1.01143581303
143.0 65.447398416 -21.5391401891 1.01151667117
144.0 65.8771025416 -21.6805584521 1.01159758117
145.0 66.3073136471 -21.8221435653 1.01167854229
146.0 66.7380235164 -21.9638928246 1.01175955383
147.0 67.1692241355 -22.1058035928 1.01184061507
148.0 67.6009076916 -22.2478732985 1.01192172535
149.0 68.0330665627 -22.3900994333 1.01200288399
150.0 68.4656933143 -22.5324795505 1.01208409034
151.0 68.8987806929 -22.6750112627 1.01216534379
152.0 69.3323216205 -22.8176922408 1.01224664369
153.0 69.7663091914 -22.9605202119 1.01232798947
154.0 70.2007366641 -23.1034929574 1.01240938054
155.0 70.6355974582 -23.2466083116 1.01249081633
156.0 71.0708851494 -23.3898641603 1.01257229626
157.0 71.5065934661 -23.5332584394 1.01265381981
158.0 71.9427162825 -23.6767891329 1.01273538643
159.0 72.3792476171 -23.8204542722 1.01281699561
160.0 72.8161816272 -23.9642519345 1.01289864684
161.0 73.2535126052 -24.1081802414 1.01298033963
162.0 73.691234974 -24.2522373574 1.01306207348
163.0 74.1293432862 -24.3964214898 1.01314384795
164.0 74.5678322173 -24.5407308861 1.01322566256
165.0 75.006696562 -24.6851638334 1.01330751685
166.0 75.4459312347 -24.8297186579 1.01338941039
167.0 75.8855312628 -24.9743937231 1.01347134275
168.0 76.3254917848 -25.119187429 1.01355331351
169.0 76.7658080465 -25.2640982111 1.01363532225
170.0 77.2064754011 -25.40912454 1.01371736859
171.0 77.6474893006 -25.5542649189 1.01379945211
172.0 78.0888452991 -25.6995178847 1.01388157244
173.0 78.5305390458 -25.8448820055 1.01396372919
174.0 78.9725662864 -25.9903558812 1.01404592202
175.0 79.4149228558 -26.1359381411 1.01412815055
176.0 79.8576046795 -26.2816274441 1.01421041443
177.0 80.3006077703 -26.4274224781 1.01429271333
178.0 80.7439282253 -26.5733219586 1.01437504689
179.0 81.1875622239 -26.7193246282 1.0144574148
180.0 81.6315060268 -26.8654292563 1.01453981674
181.0 82.0757559711 -27.0116346375 1.01462225237
182.0 82.5203084729 -27.1579395921 1.0147047214
183.0 82.9651600205 -27.3043429646 1.01478722353
184.0 83.4103071755 -27.4508436233 1.01486975844
185.0 83.8557465721 -27.5974404604 1.01495232588
186.0 84.3014749095 -27.7441323898 1.01503492554
187.0 84.7474889575 -27.8909183483 1.01511755714
188.0 85.1937855487 -28.0377972934 1.01520022041
189.0 85.6403615828 -28.184768205 1.0152829151
190.0 86.0872140184 -28.331830082 1.01536564093
191.0 86.5343398778 -28.4789819444 1.01544839765
192.0 86.9817362407 -28.6262228312 1.01553118502
193.0 87.4294002445 -28.7735518002 1.01561400276
194.0 87.8773290852 -28.9209679287 1.01569685066
195.0 88.3255200128 -29.0684703116 1.01577972849
196.0 88.7739703298 -29.2160580612 1.015862636
197.0 89.2226773923 -29.3637303072 1.01594557297
198.0 89.6716386083 -29.5114861968 1.01602853917
199.0 90.1208514344 -29.6593248927 1.01611153439
200.0 90.5703133783 -29.8072455749 1.01619455843
201.0 91.0200219909 -29.9552474372 1.01627761103
202.0 91.4699748766 -30.1033296913 1.01636069205
203.0 91.9201696781 -30.2514915614 1.01644380125
204.0 92.3706040871 -30.3997322878 1.01652693843
205.0 92.8212758388 -30.5480511252 1.01661010342
206.0 93.272182708 -30.6964473411 1.01669329601
207.0 93.7233225131 -30.8449202177 1.01677651603
208.0 94.1746931122 -30.99346905 1.01685976328
209.0 94.6262924035 -31.1420931462 1.01694303759
210.0 95.0781183231 -31.2907918273 1.01702633877
211.0 95.5301688469 -31.439564427 1.01710966668
212.0 95.9824419829 -31.5884102897 1.01719302109
213.0 96.4349357835 -31.7373287745 1.01727640191
214.0 96.8876483289 -31.8863192495 1.01735980892
215.0 97.3405777372 -32.0353810955 1.01744324198
216.0 97.7937221595 -32.1845137039 1.01752670093
217.0 98.2470797807 -32.3337164773 1.01761018561
218.0 98.7006488179 -32.4829888291 1.01769369588
219.0 99.1544275185 -32.6323301824 1.01777723158
220.0 99.6084141632 -32.7817399713 1.01786079256
221.0 100.062607062 -32.9312176398 1.0179443787
222.0 100.517004553 -33.0807626407 1.01802798983
223.0 100.971605005 -33.2303744375 1.01811162583
224.0 101.426406816 -33.3800525024 1.01819528655
225.0 101.881408407 -33.5297963166 1.01827897186
226.0 102.336608236 -33.6796053718 1.01836268164
227.0 102.792004776 -33.8294791661 1.01844641575
228.0 103.247596535 -33.9794172079 1.01853017407
229.0 103.70338204 -34.1294190129 1.01861395646
230.0 104.159359849 -34.279484106 1.01869776282
231.0 104.615528538 -34.4296120192 1.01878159299
232.0 105.071886714 -34.5798022937 1.0188654469
233.0 105.528433002 -34.7300544769 1.0189493244
234.0 105.985166054 -34.8803681254 1.0190332254
235.0 106.442084541 -35.0307428016 1.01911714978
236.0 106.899187158 -35.1811780761 1.01920109741
237.0 107.35647262 -35.331673526 1.0192850682
238.0 107.813939667 -35.4822287367 1.01936906204
239.0 108.271587055 -35.6328432989 1.01945307883
240.0 108.729413563 -35.7835168104 1.01953711845
241.0 109.187417991 -35.9342488765 1.01962118083
242.0 109.645599155 -36.0850391073 1.01970526582
243.0 110.103955894 -36.235887121 1.01978937337
244.0 110.562487062 -36.3867925404 1.01987350336
245.0 111.021191534 -36.5377549954 1.0199576557
246.0 111.480068205 -36.6887741218 1.0200418303
247.0 111.939115981 -36.8398495603 1.02012602706
248.0 112.398333792 -36.9909809581 1.02021024588
249.0 112.857720582 -37.142167968 1.02029448669
250.0 113.317275313 -37.2934102484 1.02037874941
251.0 113.776996963 -37.4447074627 1.02046303394
252.0 114.236884525 -37.5960592796 1.02054734019
253.0 114.696937008 -37.7474653731 1.02063166809
254.0 115.157153436 -37.898925422 1.02071601754
255.0 115.617532851 -38.0504391108 1.02080038848
256.0 116.078074308 -38.2020061286 1.02088478082
257.0 116.538776874 -38.3536261685 1.02096919447
258.0 116.999639635 -38.5052989294 1.02105362937
259.0 117.46066169 -38.657024115 1.02113808545
260.0 117.921842148 -38.8088014321 1.02122256262
261.0 118.383180135 -38.960630593 1.02130706081
262.0 118.844674793 -39.112511315 1.02139157996
263.0 119.306325268 -39.2644433177 1.02147611998
264.0 119.768130729 -39.4164263269 1.02156068082
265.0 120.23009035 -39.5684600714 1.02164526239
266.0 120.692203323 -39.7205442846 1.02172986463
267.0 121.154468847 -39.8726787035 1.02181448748
268.0 121.616886137 -40.0248630696 1.02189913087
269.0 122.079454417 -40.1770971272 1.02198379473
270.0 122.542172925 -40.3293806261 1.02206847901
271.0 123.005040908 -40.4817133179 1.02215318364
272.0 123.468057624 -40.6340949587 1.02223790855
273.0 123.931222345 -40.7865253089 1.02232265369
274.0 124.394534349 -40.9390041308 1.022407419
275.0 124.857992929 -41.0915311917 1.02249220441
276.0 125.321597385 -41.2441062613 1.02257700987
277.0 125.78534703 -41.3967291134 1.02266183534
278.0 126.249241181 -41.5493995235 1.02274668071
279.0 126.713279174 -41.7021172729 1.02283154598
280.0 127.177460349 -41.8548821442 1.02291643107
281.0 127.641784054 -42.0076939232 1.02300133593
282.0 128.10624965 -42.1605523992 1.02308626051
283.0 128.570856508 -42.3134573654 1.02317120477
284.0 129.035604 -42.4664086152 1.02325616863
285.0 129.500491516 -42.6194059478 1.02334115205
286.0 129.965518452 -42.7724491643 1.023426155
287.0 130.430684208 -42.9255380673 1.02351117739
288.0 130.895988199 -43.0786724644 1.02359621921
289.0 131.361429844 -43.2318521642 1.0236812804
290.0 131.827008573 -43.385076979 1.02376636091
291.0 132.292723819 -43.5383467226 1.02385146068
292.0 132.758575027 -43.6916612122 1.02393657968
293.0 133.224561654 -43.8450202687 1.02402171788
294.0 133.690683151 -43.9984237119 1.0241068752
295.0 134.156938991 -44.1518713685 1.02419205163
296.0 134.623328645 -44.3053630637 1.0242772471
297.0 135.089851595 -44.4588986279 1.02436246159
298.0 135.556507329 -44.6124778918 1.02444769502
299.0 136.023295345 -44.7661006904 1.0245329474
300.0 136.490215143 -44.9197668594 1.02461821866
301.0 136.957266232 -45.0734762372 1.02470350876
302.0 137.424448129 -45.2272286646 1.02478881767
303.0 137.891760354 -45.3810239837 1.02487414534
304.0 138.359202436 -45.5348620396 1.02495949173
305.0 138.826773912 -45.6887426799 1.02504485682
306.0 139.294474321 -45.8426657527 1.02513024055
307.0 139.762303213 -45.99663111 1.02521564291
308.0 140.230260138 -46.1506386039 1.02530106385
309.0 140.698344655 -46.3046880892 1.02538650331
