1.0 27.8639975933 -9.17021248997 0.905327649875	1.0 26.707452217 -8.78958631385 0.909356584693
2.0 27.8639975938 -9.17021249012 0.905327649877	2.0 26.7074522175 -8.78958631403 0.909356584698
3.0 27.8639985576 -9.17021280733 0.905327654631	3.0 26.7074531354 -8.78958661612 0.909356589272
4.0 27.8640407849 -9.17022670458 0.905327862882	4.0 26.707493355 -8.78959985263 0.909356789768
5.0 27.8644203744 -9.17035162983 0.905329734898	5.0 26.7078548969 -8.78971883828 0.909358592073
6.0 27.8659322163 -9.17084918625 0.905337190823	6.0 26.709294857 -8.79019273797 0.909365770333
7.0 27.8697305193 -9.17209923105 0.905355922761	7.0 26.7129125622 -8.79138334694 0.909383804655
8.0 27.8769464211 -9.17447402862 0.905391507903	8.0 26.7197853544 -8.79364522503 0.909418064455
9.0 27.8884035266 -9.1782446323 0.905447999992	9.0 26.7306976494 -8.79723652821 0.909472452312
10.0 27.9049576593 -9.18369269889 0.905529586795	10.0 26.7464645425 -8.80242550943 0.909550999644
11.0 27.926393629 -9.19074740796 0.905635111448	11.0 26.7668810895 -8.80914472026 0.909652592172
12.0 27.9528591804 -9.19945738324 0.905765087027	12.0 26.7920881348 -8.81744051345 0.909777723167
13.0 27.9842363003 -9.20978378583 0.905918529936	13.0 26.8219736061 -8.82727600534 0.90992544489
14.0 28.0203765635 -9.22167776808 0.90609406137	14.0 26.8563967461 -8.83860487184 0.91009442902
15.0 28.0611573822 -9.23509898562 0.906290145958	15.0 26.89524174 -8.85138899754 0.910283196477
16.0 28.1065150788 -9.25002648175 0.906505243584	16.0 26.9384492302 -8.86560884755 0.910490263627
17.0 28.1564591765 -9.26646339059 0.906737896083	17.0 26.9860299065 -8.8812679399 0.910714225718
18.0 28.2110730075 -9.28443713729 0.906986768802	18.0 27.0380650366 -8.89839302034 0.910953796952
19.0 28.2705053833 -9.30399669666 0.907250663033	19.0 27.0946984651 -8.91703142897 0.911207822457
20.0 28.3349572435 -9.3252081991 0.90752851097	20.0 27.1561238188 -8.93724688957 0.911475273408
21.0 28.4046662405 -9.34814985752 0.907819361357	21.0 27.2225697481 -8.95911465241 0.911755233224
22.0 28.4798913165 -9.37290689137 0.908122361203	22.0 27.2942851667 -8.98271663647 0.91204688
23.0 28.5608985689 -9.39956687493 0.908436736977	23.0 27.3715257248 -9.00813697786 0.91234946835
24.0 28.647949115 -9.42821574349 0.90876177725	24.0 27.4545422017 -9.03545820953 0.91266231273
25.0 28.7412892456 -9.45893455293 0.909096817746	25.0 27.5435710885 -9.06475816215 0.912984773059
26.0 28.8411428807 -9.49179699659 0.909441229282	26.0 27.6388273723 -9.09610758933 0.913316243068
27.0 28.9477061581 -9.52686762472 0.909794408448	27.0 27.740499367 -9.12956846629 0.913656141378
28.0 29.0611439057 -9.56420068314 0.910155770876	28.0 27.8487453414 -9.16519288032 0.91400390499
29.0 29.1815876998 -9.60383947441 0.910524746682	29.0 27.9636916683 -9.20302242146 0.914358984896
30.0 29.309135216 -9.6458161442 0.910900777702	30.0 28.0854322108 -9.24308798058 0.914720843462
31.0 29.4470620143 -9.6912086994 0.911285417182	31.0 28.2171032461 -9.28642172579 0.915090974882
32.0 29.5901221151 -9.73829065593 0.911674675558	32.0 28.3536825049 -9.33137079747 0.915465539483
33.0 29.7406843486 -9.78784161033 0.912069574477	33.0 28.4974381206 -9.37868165219 0.915845520092
34.0 29.8987725752 -9.83986941522 0.912469632221	34.0 28.6483930938 -9.42836185965 0.916230452823
35.0 30.0643878987 -9.89437443386 0.912874382161	35.0 28.8065486027 -9.48041180756 0.91661988838
36.0 30.2375107317 -9.95135021988 0.913283373898	36.0 28.9718859816 -9.53482535293 0.917013393107
37.0 30.4181028686 -10.0107841997 0.913696174322	37.0 29.1443687112 -9.591590477 0.917410550074
38.0 30.6061095188 -10.0726583413 0.914112368667	38.0 29.323944364 -9.65068992563 0.917810960008
39.0 30.8014612537 -10.1369497952 0.914531561349	39.0 29.5105464737 -9.71210182434 0.918214242151
40.0 31.0040758488 -10.2036315011 0.914953376661	40.0 29.7040963003 -9.77580025923 0.918620034914
41.0 31.2138600029 -10.2726727527 0.915377459272	41.0 29.904504477 -9.84175581923 0.919027996338
42.0 31.4307109281 -10.3440397221 0.915803474565	42.0 30.1116725359 -9.90993609793 0.919437804446
43.0 31.6545178052 -10.4176959379 0.916231108738	43.0 30.3254943018 -9.98030615238 0.919849157285
44.0 31.8851631112 -10.4936027226 0.916660068797	44.0 30.545857166 -10.0528289224 0.920261772983
45.0 32.1225238178 -10.5717195868 0.917090082327	45.0 30.7726432347 -10.1274656085 0.920675389477
46.0 32.3664724718 -10.6520045849 0.917520897188	46.0 31.0057303641 -10.2041760122 0.921089764216
47.0 32.6168781618 -10.7344146331 0.917952281051	47.0 31.2449930887 -10.2829188422 0.921504673753
48.0 32.8746024628 -10.8192332811 0.918378618749	48.0 31.4912645987 -10.3639683065 0.921914722773
49.0 33.137741349 -10.9058339024 0.918809304253	49.0 31.7427068669 -10.4467194989 0.922328937209
50.0 33.4069693118 -10.994438476 0.919239765746	50.0 31.999972347 -10.5313871462 0.922742924128
51.0 33.6821535061 -11.085003282 0.919669819443	51.0 32.2629337325 -10.6179293508 0.923156506881
52.0 33.9631612512 -11.1774846542 0.92009929666	52.0 32.5314638713 -10.7063042663 0.923569523366
53.0 34.249860469 -11.271839125 0.92052804299	53.0 32.8054361848 -10.7964702349 0.923981825194
54.0 34.5421200655 -11.3680235506 0.92095591758	54.0 33.0847250362 -10.8883859087 0.92439327705
55.0 34.8398102583 -11.4659952187 0.921382792415	55.0 33.3692060424 -10.9820103524 0.924803755954
56.0 35.1428028506 -11.565711939 0.921808551491	56.0 33.6587563404 -11.0773031313 0.925213150538
57.0 35.4509714697 -11.6671321214 0.922233090196	57.0 33.9532548095 -11.1742243835 0.925621360298
58.0 35.7641917574 -11.770214839 0.92265631449	58.0 34.2525822624 -11.272734884 0.926028294999
59.0 36.0823415352 -11.874919882 0.923078140299	59.0 34.5566215976 -11.3727960937 0.926433873948
60.0 36.4053009327 -11.9812078003 0.923498492796	60.0 34.8652579248 -11.4743702018 0.926838025355
61.0 36.7329524935 -12.0890399384 0.923917305807	61.0 35.1783786668 -11.5774201583 0.927240685751
62.0 37.0651812561 -12.1983784617 0.924334521192	62.0 35.495873637 -11.6819097001 0.927641799409
63.0 37.4018748132 -12.3091863761 0.92475008824	63.0 35.8176350946 -11.7878033691 0.928041317709
64.0 37.7429233546 -12.4214275427 0.925163963147	64.0 36.1435577908 -11.8950665272 0.928439198739
65.0 38.0882196957 -12.5350666861 0.925576108514	65.0 36.4735389889 -12.0036653631 0.928835406664
66.0 38.4376592881 -12.650069399 0.925986492816	66.0 36.8074784811 -12.113566898 0.929229911355
67.0 38.7911402214 -12.7664021419 0.926395089936	67.0 37.1452785872 -12.2247389845 0.929622687871
68.0 39.148563217 -12.8840322418 0.926801878805	68.0 37.4868441486 -12.3371503055 0.930013716098
69.0 39.5098316066 -13.0029278843 0.92720684289	69.0 37.8320825091 -12.4507703672 0.930402980309
70.0 39.8748513111 -13.1230581076 0.927609969911	70.0 38.1809034938 -12.5655694925 0.93079046885
71.0 40.2435308065 -13.2443927906 0.928011251417	71.0 38.5332193765 -12.6815188101 0.931176173745
72.0 40.6157810886 -13.3669026413 0.928410682472	72.0 38.888944847 -12.798590244 0.931560090417
73.0 40.9915156328 -13.4905591841 0.928808261384	73.0 39.2479969696 -12.9167564996 0.931942217353
74.0 41.3706503472 -13.6153347438 0.929203989347	74.0 39.6102951426 -13.0359910502 0.932322555865
75.0 41.7531035277 -13.7412024309 0.929597870236	75.0 39.975761052 -13.1562681222 0.932701109823
76.0 42.1387958058 -13.868136125 0.929989910317	76.0 40.3443186224 -13.2775626789 0.933077885386
77.0 42.5276501 -13.9961104579 0.930380118076	77.0 40.7158939689 -13.3998504042 0.93345289081
78.0 42.919591558 -14.1251007954 0.930768503907	78.0 41.090415347 -13.5231076866 0.933826136263
79.0 43.314547507 -14.2550832204 0.931155080004	79.0 41.4678130976 -13.6473116008 0.934197633566
80.0 43.7124473972 -14.3860345145 0.931539860147	80.0 41.8480195982 -13.7724398918 0.934567396093
81.0 44.1132227458 -14.5179321395 0.931922859504	81.0 42.2309692078 -13.8984709569 0.934935438558
82.0 44.5168070859 -14.6507542209 0.93230409457	82.0 42.6165982164 -14.0253838285 0.935301776914
83.0 44.923135906 -14.7844795275 0.932683582886	83.0 43.0048447891 -14.1531581566 0.935666428148
84.0 45.3321465999 -14.9190874552 0.93306134302	84.0 43.3956489166 -14.2817741917 0.9360294102
85.0 45.7437784114 -15.0545580088 0.933437394403	85.0 43.7889523637 -14.4112127681 0.936390741871
86.0 46.1579723801 -15.1908717841 0.933811757201	86.0 44.184698616 -14.5414552868 0.936750442649
87.0 46.5746712914 -15.3280099513 0.934184452272	87.0 44.5828328314 -14.6724836987 0.937108532661
88.0 46.9938196217 -15.4659542373 0.934555500994	88.0 44.9833017906 -14.8042804891 0.937465032573
89.0 47.4153634906 -15.6046869098 0.934924925246	89.0 45.3860538458 -14.9368286605 0.937819963467
90.0 47.8392506078 -15.7441907596 0.93529274726	90.0 45.791038879 -15.0701117185 0.93817334686
91.0 48.2654302296 -15.8844490868 0.935658989638	91.0 46.198208249 -15.2041136553 0.93852520453
92.0 48.6938531073 -16.0254456832 0.936023675222	92.0 46.6075147501 -15.3388189349 0.938875558516
93.0 49.1244714422 -16.1671648181 0.936386827036	93.0 47.0189125652 -15.4742124789 0.939224431023
94.0 49.5572388411 -16.3095912231 0.936748468263	94.0 47.432357226 -15.6102796523 0.939571844428
95.0 49.9921102718 -16.4527100779 0.937108622175	95.0 47.8478055669 -15.7470062491 0.939917821163
96.0 50.4290420207 -16.5965069961 0.937467312092	96.0 48.265215687 -15.8843784795 0.940262383718
97.0 50.8679916508 -16.7409680113 0.937824561341	97.0 48.6845469079 -16.0223829559 0.940605554568
98.0 51.3089179614 -16.8860795642 0.938180393211	98.0 49.105759738 -16.1610066815 0.940947356185
99.0 51.7517809493 -17.0318284894 0.938534830929	99.0 49.5288158313 -16.3002370363 0.941287810944
100.0 52.1965417714 -17.1782020036 0.938887897646	100.0 49.9536779546 -16.4400617666 0.94162694116
101.0 52.6431627062 -17.3251876922 0.939239616375	101.0 50.3803099493 -16.5804689725 0.941964769001
102.0 53.0916071183 -17.4727734984 0.939590009974	102.0 50.8086766998 -16.7214470971 0.942301316533
103.0 53.541839426 -17.620947712 0.939939101163	103.0 51.2387440954 -16.8629849145 0.942636605587
104.0 53.9938250649 -17.7696989577 0.94028691245	104.0 51.6704790057 -17.0050715212 0.942970657895
105.0 54.4475304582 -17.9190161851 0.940633466171	105.0 52.103849243 -17.147696324 0.943303494944
106.0 54.9029229812 -18.0688886572 0.940978784396	106.0 52.5388235349 -17.2908490311 0.943635138026
107.0 55.3599709352 -18.2193059418 0.941322888998	107.0 52.9753714944 -17.4345196418 0.943965608193
108.0 55.8186435164 -18.3702579012 0.941665801606	108.0 53.4134635914 -17.5786984376 0.944294926257
109.0 56.2789107857 -18.5217346822 0.942007543566	109.0 53.8530711277 -17.7233759738 0.944623112811
110.0 56.7407436451 -18.6737267085 0.942348136002	110.0 54.2941662076 -17.8685430697 0.944950188173
111.0 57.2041138064 -18.8262246703 0.942687599732	111.0 54.7367217142 -18.0141908009 0.945276172406
112.0 57.6689937693 -18.9792195171 0.943025955315	112.0 55.1807112835 -18.1603104911 0.945601085297
113.0 58.1353567953 -19.132702449 0.943363223038	113.0 55.6261092823 -18.306893704 0.945924946373
114.0 58.603176882 -19.2866649086 0.943699422875	114.0 56.0728907831 -18.4539322359 0.946247774873
115.0 59.0724287416 -19.4410985733 0.944034574517	115.0 56.521031544 -18.6014181086 0.946569589769
116.0 59.5430877792 -19.595995349 0.944368697383	116.0 56.9705079849 -18.7493435618 0.946890409736
117.0 60.0151300682 -19.7513473613 0.944701810565	117.0 57.4212971684 -18.8977010467 0.947210253174
118.0 60.4885323346 -19.9071469504 0.945033932915	118.0 57.8733767788 -19.0464832189 0.947529138193
119.0 60.9632719291 -20.0633866623 0.945365082923	119.0 58.3267251024 -19.1956829325 0.947847082602
120.0 61.4393268141 -20.2200592445 0.945695278821	120.0 58.7813210116 -19.3452932341 0.948164103968
121.0 61.9166755416 -20.3771576382 0.946024538535	121.0 59.237143942 -19.495307356 0.948480219527
122.0 62.3952972359 -20.534674973 0.946352879693	122.0 59.6941738797 -19.6457187113 0.948795446268
123.0 62.8751715764 -20.6926045614 0.946680319641	123.0 60.1523913403 -19.7965208877 0.949109800869
124.0 63.3562787794 -20.8509398924 0.947006875428	124.0 60.6117773537 -19.947707642 0.949423299716
125.0 63.8385995828 -21.0096746267 0.947332563818	125.0 61.072313453 -20.0992728966 0.949735958975
126.0 64.3221152286 -21.1688025911 0.947657401277	126.0 61.5339816499 -20.2512107315 0.950047794459
127.0 64.8068074484 -21.3283177731 0.94798140398	127.0 61.9967644299 -20.4035153825 0.950358821768
128.0 65.2926584504 -21.4882143174 0.948304587852	128.0 62.4606447298 -20.556181234 0.950669056183
129.0 65.7796509026 -21.64848652 0.948626968524	129.0 62.9256059309 -20.7092028168 0.950978512762
130.0 66.2677679171 -21.809128823 0.948948561316	130.0 63.3916318389 -20.8625748011 0.951287206243
131.0 66.7569930422 -21.9701358119 0.949269381321	131.0 63.8587066782 -21.0162919952 0.951595151159
132.0 67.2473102461 -22.1315022107 0.949589443356	132.0 64.3268150735 -21.1703493388 0.951902361748
133.0 67.7387039034 -22.2932228769 0.949908761955	133.0 64.795942041 -21.3247419009 0.952208852004
134.0 68.2311587859 -22.4552927988 0.950227351409	134.0 65.2660729735 -21.4794648739 0.952514635634
135.0 68.7246600462 -22.6177070901 0.950545225714	135.0 65.7371936359 -21.6345135732 0.952819726159
136.0 69.2191932142 -22.7804609885 0.95086239867	136.0 66.209290147 -21.7898834302 0.953124136811
137.0 69.714744178 -22.9435498498 0.951178883784	137.0 66.6823489734 -21.9455699911 0.953427880596
138.0 70.2112991772 -23.1069691452 0.95149469432	138.0 67.1563569168 -22.1015689122 0.953730970271
139.0 70.7088447941 -23.2707144591 0.951809843324	139.0 67.6313011068 -22.2578759579 0.954033418373
140.0 71.2073679403 -23.4347814838 0.952124343581	140.0 68.1071689889 -22.4144869962 0.954335237194
141.0 71.706855848 -23.5991660174 0.952438207632	141.0 68.5839483181 -22.5713979974 0.954636438824
142.0 72.2072960634 -23.7638639614 0.95275144781	142.0 69.0616271468 -22.7286050294 0.954937035106
143.0 72.7086764364 -23.928871317 0.95306407623	143.0 69.5401938182 -22.8861042559 0.95523703767
144.0 73.2109851092 -24.0941841817 0.953376104751	144.0 70.0196369583 -23.0438919336 0.955536457938
145.0 73.7142105112 -24.2597987476 0.95368754503	145.0 70.4999454672 -23.2019644095 0.955835307124
146.0 74.2183413514 -24.4257112988 0.953998408525	146.0 70.9811085108 -23.3603181179 0.956133596224
147.0 74.7233666057 -24.5919182072 0.954308706447	147.0 71.4631155143 -23.5189495788 0.956431336039
148.0 75.2292755156 -24.758415932 0.954618449829	148.0 71.9459561533 -23.6778553942 0.956728537155
149.0 75.7360575774 -24.9252010165 0.954927649501	149.0 72.4296203513 -23.837032248 0.957025210002
150.0 76.2437025345 -25.0922700851 0.955236316076	150.0 72.9140982651 -23.9964769006 0.957321364765
151.0 76.7522003726 -25.2596198421 0.955544459986	151.0 73.3993802877 -24.1561861903 0.957617011501
152.0 77.2615413109 -25.4272470686 0.955852091454	152.0 73.8854570299 -24.3161570271 0.957912159998
153.0 77.7717157978 -25.595148621 0.956159220529	153.0 74.3723193284 -24.4763863954 0.958206819952
154.0 78.282714504 -25.763321429 0.95646585708	154.0 74.8599582281 -24.6368713478 0.958501000826
155.0 78.794528316 -25.9317624933 0.956772010794	155.0 75.3483649822 -24.7976090058 0.95879471193
156.0 79.3071483282 -26.1004688831 0.957077691153	156.0 75.8375310434 -24.9585965565 0.959087962379
157.0 79.8205658417 -26.2694377354 0.957382907494	157.0 76.3274480636 -25.1198312524 0.959380761166
158.0 80.3347723567 -26.438666253 0.957687668986	158.0 76.8181078822 -25.2813104077 0.959673117081
159.0 80.8497595656 -26.6081517017 0.957991984616	159.0 77.3095025242 -25.443031398 0.959965038759
160.0 81.3655193485 -26.7778914093 0.958295863198	160.0 77.8016241967 -25.6049916585 0.960256534694
161.0 81.88204377 -26.9478827641 0.9585993134	161.0 78.2944652797 -25.7671886813 0.960547613194
162.0 82.3993250741 -27.1181232136 0.958902343742	162.0 78.7880183274 -25.9296200162 0.960838282457
163.0 82.9173556768 -27.2886102619 0.959204962572	163.0 79.2822760565 -26.0922832659 0.961128550481
164.0 83.4361281643 -27.459341469 0.959507178093	164.0 79.7772313522 -26.2551760892 0.961418425198
165.0 83.9556352875 -27.6303144493 0.959808998363	165.0 80.2728772499 -26.4182961938 0.961707914305
166.0 84.4758699578 -27.8015268697 0.960110431291	166.0 80.7692069422 -26.5816413394 0.961997025401
167.0 84.9968252425 -27.9729764488 0.960411484642	167.0 81.266213774 -26.7452093357 0.962285765979
168.0 85.5184943615 -28.1446609551 0.960712166042	168.0 81.7638912308 -26.9089980389 0.962574143334
169.0 86.0408706842 -28.3165782065 0.961012482996	169.0 82.2622329437 -27.0730053528 0.96286216467
170.0 86.5639477214 -28.4887260673 0.961312442833	170.0 82.7612326832 -27.2372292272 0.963149837075
171.0 87.087719129 -28.6611024497 0.961612052807	171.0 83.2608843518 -27.4016676556 0.963437167475
172.0 87.6121786976 -28.8337053101 0.961911320003	172.0 83.7611819854 -27.566318675 0.963724162695
173.0 88.1373203519 -29.006532649 0.962210251392	173.0 84.2621197454 -27.7311803639 0.964010829406
174.0 88.663138148 -29.1795825104 0.962508853827	174.0 84.763691924 -27.8962508439 0.964297174227
175.0 89.1896262696 -29.35285298 0.962807134043	175.0 85.2658929279 -28.0615282742 0.96458320358
176.0 89.7167790227 -29.526342184 0.963105098642	176.0 85.7687172898 -28.2270108553 0.96486892385
177.0 90.2445908342 -29.7000482881 0.963402754104	177.0 86.2721596521 -28.3926968242 0.965154341245
178.0 90.7730562527 -29.8739694982 0.963700106838	178.0 86.7762147734 -28.5585844559 0.965439461897
179.0 91.3021699367 -30.0481040565 0.963997163087	179.0 87.2808775225 -28.7246720616 0.965724291833
180.0 91.8319266614 -30.2224502435 0.964293929029	180.0 87.7861428754 -28.8909579879 0.966008836969
181.0 92.362321308 -30.3970063744 0.9645904107	181.0 88.2920059121 -29.0574406155 0.966293103111
182.0 92.8933488668 -30.5717708007 0.964886614056	182.0 88.7984618147 -29.2241183591 0.966577095961
183.0 93.4250044315 -30.7467419075 0.965182544938	183.0 89.305505868 -29.3909896665 0.966860821152
184.0 93.9572831983 -30.921918114 0.965478209098	184.0 89.8131334507 -29.5580530172 0.967144284186
185.0 94.4901804621 -31.0972978716 0.96577361218	185.0 90.3213400375 -29.7253069215 0.967427490474
186.0 95.0236916152 -31.272879664 0.966068759738	186.0 90.8301211997 -29.8927499223 0.967710445381
187.0 95.5578121442 -31.4486620057 0.966363657228	187.0 91.3394725925 -30.0603805893 0.967993154104
188.0 96.0925376261 -31.6246434411 0.966658309991	188.0 91.849389964 -30.2281975235 0.968275621802
189.0 96.6278637329 -31.8008225458 0.966952723329	189.0 92.3598691492 -30.3961993539 0.96855785355
190.0 97.1637862203 -31.9771979231 0.967246902409	190.0 92.8709060648 -30.5643847369 0.968839854313
191.0 97.7003009323 -32.1537682051 0.967540852336	191.0 93.3824967111 -30.732752356 0.969121628979
192.0 98.2374037948 -32.330532051 0.967834578103	192.0 93.8946371685 -30.9013009214 0.969403182357
193.0 98.7750908187 -32.5074881481 0.968128084655	193.0 94.4073235971 -31.0700291692 0.969684519182
194.0 99.313358093 -32.6846352091 0.96842137683	194.0 94.9205522333 -31.2389358608 0.969965644109
195.0 99.8522017856 -32.8619719729 0.968714459393	195.0 95.4343193864 -31.4080197817 0.970246561693
196.0 100.39161814 -33.0394972032 0.969007337021	196.0 95.9486214417 -31.5772797422 0.97052727644
197.0 100.931603478 -33.2172096897 0.969300014353	197.0 96.4634548544 -31.7467145757 0.970807792766
198.0 101.472154189 -33.3951082435 0.969592495881	198.0 96.9788161522 -31.9163231393 0.97108811504
199.0 102.013266738 -33.5731917019 0.969884786091	199.0 97.4947019246 -32.0861043108 0.971368247493
200.0 102.554937658 -33.7514589238 0.970176889364	200.0 98.0111088391 -32.2560569933 0.971648194398
201.0 103.097163551 -33.9299087904 0.970468810005	201.0 98.5280336157 -32.4261801075 0.971927959831
202.0 103.639941086 -34.1085402057 0.970760552268	202.0 99.0454730494 -32.5964725984 0.972207547914
203.0 104.183266995 -34.2873520945 0.971052120325	203.0 99.5634239902 -32.7669334295 0.972486962625
204.0 104.727138076 -34.4663434027 0.971343518279	204.0 100.081883353 -32.9375615854 0.972766207921
205.0 105.271551191 -34.6455130974 0.971634750195	205.0 100.600848109 -33.1083560692 0.973045287651
206.0 105.816503258 -34.8248601647 0.971925820032	206.0 101.120315292 -33.2793159049 0.973324205663
207.0 106.361991255 -35.0043836099 0.97221673168	207.0 101.64028199 -33.4504401341 0.973602965697
208.0 106.908012227 -35.1840824606 0.972507489052	208.0 102.160745348 -33.6217278168 0.973881571445
209.0 107.454563267 -35.3639557595 0.972798095902	209.0 102.681702565 -33.793178032 0.974160026561
210.0 108.001641526 -35.5440025698 0.973088555973	210.0 103.203150893 -33.9647898746 0.974438334598
211.0 108.549244211 -35.7242219715 0.973378872927	211.0 103.72508764 -34.1365624588 0.974716499108
212.0 109.097368582 -35.9046130637 0.973669050401	212.0 104.247510158 -34.3084949136 0.974994523536
213.0 109.64601195 -36.0851749607 0.973959091928	213.0 104.770415856 -34.4805863855 0.975272411299
214.0 110.19517168 -36.2659067957 0.97424900104	214.0 105.293802188 -34.652836037 0.975550165757
215.0 110.744845183 -36.4468077165 0.974538781158	215.0 105.817666657 -34.8252430467 0.975827790221
216.0 111.295029924 -36.627876889 0.97482843571	216.0 106.342006816 -34.9978066084 0.976105287955
217.0 111.845723414 -36.8091134936 0.975117968032	217.0 106.866820256 -35.1705259303 0.976382662145
218.0 112.396923208 -36.9905167263 0.975407381413	218.0 107.392104625 -35.3434002374 0.976659915981
219.0 112.94862691 -37.172085798 0.97569667909	219.0 107.917857601 -35.5164287661 0.97693705253
220.0 113.500832169 -37.3538199352 0.975985864261	220.0 108.444076918 -35.6896107705 0.977214074897
221.0 114.053536679 -37.535718379 0.976274940088	221.0 108.970760344 -35.862945516 0.977490986073
222.0 114.606738173 -37.7177803833 0.97656390964	222.0 109.49790569 -36.0364322824 0.977767789025
223.0 115.160434434 -37.9000052184 0.976852776011	223.0 110.025510812 -36.2100703635 0.978044486698
224.0 115.714623277 -38.0823921656 0.977141542173	224.0 110.553573596 -36.3838590642 0.97832108193
225.0 116.269302565 -38.2649405208 0.977430211094	225.0 111.082091981 -36.5577977059 0.978597577626
226.0 116.824470199 -38.447649594 0.977718785717	226.0 111.611063927 -36.7318856173 0.978873976502
227.0 117.380124117 -38.6305187059 0.97800726889	227.0 112.140487449 -36.9061221453 0.979150281391
228.0 117.936262295 -38.8135471909 0.978295663445	228.0 112.670360582 -37.0805066431 0.979426494938
229.0 118.492882751 -38.9967343967 0.978583972199	229.0 113.200681411 -37.2550384802 0.979702619865
230.0 119.049983533 -39.1800796807 0.97887219787	230.0 113.731448048 -37.4297170355 0.97997865879
231.0 119.607562732 -39.3635824145 0.979160343193	231.0 114.262658641 -37.6045416992 0.980254614306
232.0 120.165618468 -39.5472419797 0.979448410824	232.0 114.794311369 -37.7795118726 0.98053048896
233.0 120.7241489 -39.7310577701 0.979736403406	233.0 115.326404453 -37.9546269695 0.980806285304
234.0 121.283152218 -39.9150291903 0.980024323524	234.0 115.858936133 -38.1298864115 0.98108200578
235.0 121.842626646 -40.0991556555 0.980312173729	235.0 116.391904695 -38.3052896337 0.981357652879
236.0 122.402570442 -40.2834365927 0.980599956559	236.0 116.925308444 -38.4808360787 0.981633228978
237.0 122.962981894 -40.4678714383 0.980887674488	237.0 117.459145727 -38.6565252023 0.981908736502
238.0 123.523859322 -40.6524596398 0.981175329974	238.0 117.993414907 -38.8323564661 0.982184177743
239.0 124.085201078 -40.8372006541 0.981462925423	239.0 118.528114388 -39.0083293444 0.982459555034
240.0 124.647005541 -41.0220939484 0.981750463221	240.0 119.063242599 -39.1844433205 0.982734870661
241.0 125.209271123 -41.2071389995 0.982037945714	241.0 119.598797997 -39.3606978865 0.983010126872
242.0 125.771996263 -41.3923352943 0.982325375228	242.0 120.134779064 -39.5370925427 0.983285325856
243.0 126.335179427 -41.5776823273 0.98261275402	243.0 120.671184317 -39.7136268009 0.983560469835
244.0 126.898819113 -41.7631796047 0.98290008437	244.0 121.208012289 -39.8903001787 0.98383556093
245.0 127.462913841 -41.948826639 0.983187368467	245.0 121.745261548 -40.0671122048 0.984110601288
246.0 128.027462165 -42.1346229547 0.98347460854	246.0 122.282930685 -40.244062415 0.984385593001
247.0 128.592462657 -42.3205680816 0.983761806718	247.0 122.821018314 -40.4211503537 0.984660538132
248.0 129.15791392 -42.50666156 0.984048965135	248.0 123.359523076 -40.5983755733 0.984935438721
249.0 129.723814581 -42.6929029379 0.984336085895	249.0 123.898443633 -40.7757376337 0.985210296763
250.0 130.290163292 -42.8792917721 0.984623171074	250.0 124.437778674 -40.9532361034 0.985485114247
251.0 130.856958732 -43.0658276274 0.984910222729	251.0 124.977526916 -41.1308705598 0.985759893161
252.0 131.424199596 -43.2525100745 0.985197242843	252.0 125.517687087 -41.3086405846 0.986034635395
253.0 131.991884616 -43.439338696 0.985484233461	253.0 126.058257944 -41.486545769 0.986309342855
254.0 132.560012532 -43.6263130772 0.985771196495	254.0 126.599238268 -41.6645857113 0.986584017428
255.0 133.128582116 -43.8134328142 0.986058133908	255.0 127.14062686 -41.8427600171 0.98685866097
256.0 133.69759216 -44.0006975094 0.98634504761	256.0 127.682422542 -42.0210682987 0.98713327531
257.0 134.267041476 -44.1881067716 0.98663193947	257.0 128.224624158 -42.1995101758 0.987407862266
258.0 134.836928902 -44.3756602185 0.986918811374	258.0 128.767230566 -42.3780852723 0.987682423571
259.0 135.407253295 -44.5633574739 0.987205665165	259.0 129.310240654 -42.5567932222 0.987956961013
260.0 135.978013528 -44.7511981666 0.987492502622	260.0 129.853653326 -42.7356336654 0.988231476348
261.0 136.549208505 -44.9391819366 0.987779325598	261.0 130.397467503 -42.9146062459 0.988505971253
262.0 137.120837133 -45.1273084237 0.988066135777	262.0 130.941682126 -43.0937106159 0.988780447429
263.0 137.692898362 -45.3155772823 0.988352934999	263.0 131.486296157 -43.2729464334 0.989054906542
264.0 138.265391138 -45.5039881661 0.98863972492	264.0 132.031308573 -43.4523133619 0.989329350233
265.0 138.838314439 -45.6925407379 0.988926507249	265.0 132.576718375 -43.6318110727 0.989603780152
266.0 139.41166726 -45.8812346677 0.989213283689	266.0 133.122524572 -43.8114392396 0.98987819786
267.0 139.985448612 -46.0700696292 0.989500055873	267.0 133.668726203 -43.9911975458 0.990152604982
268.0 140.559657524 -46.2590453039 0.989786825455	268.0 134.215322313 -44.1710856777 0.990427003062
269.0 141.134293047 -46.4481613785 0.990073594054	269.0 134.76231197 -44.3511033283 0.990701393651
270.0 141.709354244 -46.637417545 0.990360363262	270.0 135.309694256 -44.5312501956 0.990975778267
271.0 142.284840197 -46.8268135014 0.990647134659	271.0 135.857468273 -44.7115259842 0.991250158443
272.0 142.860750001 -47.0163489499 0.990933909774	272.0 136.405633131 -44.8919304005 0.991524535611
273.0 143.437082779 -47.2060236017 0.991220690197	273.0 136.954187961 -45.0724631592 0.991798911255
274.0 144.013837658 -47.3958371694 0.991507477417	274.0 137.503131915 -45.2531239809 0.992073286859
275.0 144.591013784 -47.5857893721 0.991794272927	275.0 138.052464152 -45.4339125891 0.992347663844
276.0 145.168610324 -47.7758799355 0.992081078235	276.0 138.602183848 -45.6148287122 0.992622043609
277.0 145.746626452 -47.9661085881 0.992367894783	277.0 139.152290193 -45.7958720841 0.992896427556
278.0 146.325061367 -48.1564750661 0.992654724052	278.0 139.702782397 -45.9770424446 0.993170817092
279.0 146.90391427 -48.3469791065 0.992941567419	279.0 140.253659674 -46.1583395347 0.993445213533
280.0 147.48318439 -48.5376204554 0.993228426339	280.0 140.804921261 -46.3397631038 0.993719618255
281.0 148.062870961 -48.728398861 0.993515302184	281.0 141.356566407 -46.5213129042 0.993994032593
282.0 148.642973238 -48.9193140778 0.993802196356	282.0 141.908594368 -46.7029886916 0.994268457838
283.0 149.223490481 -49.1103658627 0.994089110189	283.0 142.461004425 -46.8847902292 0.994542895328
284.0 149.804421974 -49.3015539797 0.994376045056	284.0 143.013795862 -47.0667172812 0.994817346326
285.0 150.385767009 -49.4928781959 0.994663002285	285.0 143.566967978 -47.2487696172 0.995091812095
286.0 150.96752489 -49.6843382825 0.994949983186	286.0 144.120520087 -47.4309470111 0.995366293891
287.0 151.549694935 -49.8759340146 0.995236989046	287.0 144.674451517 -47.6132492418 0.995640792971
288.0 152.132276478 -50.0676651732 0.99552402117	288.0 145.228761601 -47.7956760896 0.995915310527
289.0 152.715268868 -50.2595315438 0.995811080851	289.0 145.783449691 -47.9782273419 0.9961898478
290.0 153.298671449 -50.4515329113 0.996098169283	290.0 146.33851515 -48.1609027885 0.996464405984
291.0 153.8824836 -50.6436690705 0.996385287755	291.0 146.893957348 -48.3437022223 0.996738986245
292.0 154.466704696 -50.8359398161 0.996672437463	292.0 147.449775671 -48.526625441 0.99701358976
293.0 155.051334137 -51.0283449505 0.99695961967	293.0 148.005969513 -48.7096722453 0.997288217676
294.0 155.636371319 -51.220884275 0.997246835519	294.0 148.562538287 -48.8928424421 0.997562871176
295.0 156.221815663 -51.4135575988 0.99753408623	295.0 149.119481403 -49.0761358374 0.99783755134
296.0 156.807666595 -51.6063647335 0.997821372976	296.0 149.676798297 -49.2595522449 0.998112259322
297.0 157.393923552 -51.7993054932 0.9981086969	297.0 150.234488398 -49.4430914773 0.998386996172
298.0 157.980585986 -51.9923796983 0.998396059181	298.0 150.792551168 -49.6267533575 0.99866176306
299.0 158.567653352 -52.1855871685 0.998683460909	299.0 151.35098606 -49.8105377052 0.998936561019
300.0 159.155125124 -52.3789277317 0.998970903245	300.0 151.909792544 -49.994444346 0.999211391117
301.0 159.743000782 -52.572401216 0.999258387282	301.0 152.468970102 -50.1784731097 0.999486254426
302.0 160.331279822 -52.7660074559 0.999545914153	302.0 153.02851822 -50.3626238267 0.999761151961
303.0 160.919961733 -52.9597462827 0.999833484862	303.0 153.588436403 -50.5468963345 1.0000360848
304.0 161.509046036 -53.1536175396 1.00012110056	304.0 154.148724158 -50.7312904708 1.00031105395
305.0 162.09853225 -53.3476210679 1.00040876229	305.0 154.709380999 -50.9158060757 1.00058606039
306.0 162.6884199 -53.541756711 1.00069647106	306.0 155.27040646 -51.1004429955 1.00086110517
307.0 163.278708538 -53.7360243219 1.00098422799	307.0 155.831800068 -51.2852010748 1.00113618922
308.0 163.869397704 -53.9304237489 1.00127203406	308.0 156.393561384 -51.470080169 1.00141131361
309.0 164.460486957 -54.1249548471 1.00155989029	309.0 156.955689946 -51.655080126 1.0016864792
