1.0 0.134403960689 -0.0442331677243 0.557777145888	1.0 0.13089489348 -0.0430783121856 0.569260104366
2.0 0.134403960884 -0.0442331677884 0.557777145883	2.0 0.13089489367 -0.043078312248 0.569260104362
3.0 0.134404351557 -0.0442332963613 0.557777137186	3.0 0.130895274195 -0.0430784374812 0.569260095711
4.0 0.134421468106 -0.0442389295224 0.557776756081	4.0 0.130911946158 -0.0430839243263 0.569259716758
5.0 0.134575330751 -0.0442895666625 0.557773330297	5.0 0.13106181239 -0.0431332462225 0.569256310296
6.0 0.135188114971 -0.0444912377075 0.557759686536	6.0 0.131658680683 -0.0433296792383 0.569242743471
7.0 0.136727478045 -0.0449978515357 0.557725412451	7.0 0.133158064983 -0.0438231358067 0.569208662587
8.0 0.139651224169 -0.0459600743155 0.557660316808	8.0 0.136005891569 -0.044760373001 0.569143933586
9.0 0.144291598568 -0.0474872499882 0.557557014363	9.0 0.140525806539 -0.0462479047369 0.569041212181
10.0 0.150992529066 -0.0496925673101 0.55740789777	10.0 0.147052863193 -0.0483959991105 0.568892932603
11.0 0.159663140564 -0.0525461187285 0.557215136417	11.0 0.155498623897 -0.0511755507535 0.568701250257
12.0 0.170358848304 -0.0560661417395 0.556977825291	12.0 0.165917168081 -0.0546043575385 0.568465262899
13.0 0.183027457053 -0.0602354585718 0.556697738011	13.0 0.178257775044 -0.0586657269714 0.568186731497
14.0 0.197605053542 -0.0650330349765 0.556377280144	14.0 0.192458322272 -0.063339214152 0.5678680452
15.0 0.214039181714 -0.0704416073437 0.55601902916	15.0 0.208467856079 -0.0686080499099 0.567511763992
16.0 0.232302384371 -0.0764521393413 0.555625445698	16.0 0.226259781194 -0.074463481578 0.567120331646
17.0 0.252397910953 -0.0830657003797 0.555198716444	17.0 0.245837421914 -0.0809066032031 0.566695919513
18.0 0.274359715793 -0.090293465038 0.554740689511	18.0 0.267234023297 -0.0879483559378 0.566240362257
19.0 0.298248736754 -0.0981554883409 0.554252869912	19.0 0.290509129857 -0.0956083362462 0.565755153327
20.0 0.324147101903 -0.106678799139 0.553736450579	20.0 0.315742946026 -0.103912939899 0.565241475774
21.0 0.352151508489 -0.115895221089 0.553192361445	21.0 0.343029889886 -0.112893240467 0.564700251018
22.0 0.382366636466 -0.125839205007 0.552621324923	22.0 0.372472179785 -0.122582878634 0.564132193992
23.0 0.414899138088 -0.136545850804 0.55202391041	23.0 0.40417398116 -0.133016135884 0.563537867324
24.0 0.449852497989 -0.148049215906 0.551400583663	24.0 0.438236400365 -0.14422628694 0.562917730427
25.0 0.487322881374 -0.160380948873 0.550751748948	25.0 0.474753440078 -0.156244268658 0.562272181417
26.0 0.527395970252 -0.17356924818 0.550077783377	26.0 0.513808916383 -0.169097665426 0.561601591262
27.0 0.570144715998 -0.187638122571 0.549379063595	27.0 0.555474267712 -0.182809988071 0.560906330341
28.0 0.615627898293 -0.2026069168 0.548655985548	28.0 0.599807148742 -0.197400211098 0.560186788126
29.0 0.663889365151 -0.218490061517 0.547908978234	29.0 0.646850687258 -0.212882528129 0.559443386868
30.0 0.714957828181 -0.235297005888 0.547138512437	30.0 0.696633281596 -0.229266285228 0.558676590341
31.0 0.770175172751 -0.253469372618 0.546335945286	31.0 0.750463230451 -0.24698205152 0.557877793172
32.0 0.827353329679 -0.272287054721 0.545516939689	32.0 0.806208487172 -0.265328157377 0.55706257596
33.0 0.887458889036 -0.292068162916 0.544675340806	33.0 0.864811568737 -0.284614790916 0.556224809482
34.0 0.950485119065 -0.31281048174 0.543811670314	34.0 0.926266411192 -0.304839956453 0.555365007898
35.0 1.01641494795 -0.334508392755 0.54292648285	35.0 0.990556882876 -0.325998344959 0.554483718181
36.0 1.08522190612 -0.357153184664 0.542020362596	36.0 1.05765769961 -0.348081635256 0.553581516751
37.0 1.15687107625 -0.380733365958 0.541093919438	37.0 1.12753534745 -0.371078797702 0.552659005691
38.0 1.23132002708 -0.40523497225 0.540147784993	38.0 1.20014898987 -0.39497639274 0.551716808774
39.0 1.30851971397 -0.430641862649 0.539182608542	39.0 1.27545134266 -0.419758858853 0.550755567477
40.0 1.38841533478 -0.456936001433 0.538199053138	40.0 1.35338950556 -0.445408786235 0.54977593711
41.0 1.4709471336 -0.484097722569 0.537197791867	41.0 1.43390574314 -0.471907173805 0.548778583098
42.0 1.55605114834 -0.512105975739 0.536179504359	42.0 1.51693821131 -0.499233668296 0.547764177545
43.0 1.64365990035 -0.540938553308 0.535144873569	43.0 1.60242162753 -0.527366784818 0.54673339603
44.0 1.73370302633 -0.570572298276 0.53409458286	44.0 1.69028788481 -0.556284108947 0.545686914706
45.0 1.82610785361 -0.600983293624 0.533029313365	45.0 1.78046661104 -0.585962480791 0.5446254077
46.0 1.92079992122 -0.632147033796 0.531949741634	46.0 1.87288567545 -0.61637816167 0.543549544771
47.0 2.01770344951 -0.664038579236 0.530856537583	47.0 1.96747164511 -0.647506984353 0.542459989268
48.0 2.11732878064 -0.696825886688 0.529747835897	48.0 2.06472287304 -0.679512959877 0.541354878149
49.0 2.21855400563 -0.730139729016 0.52862878889	49.0 2.1635453688 -0.712036049283 0.540239342009
50.0 2.3217809146 -0.764112337819 0.527497971829	50.0 2.26433151983 -0.745205389679 0.539111957498
51.0 2.42693457576 -0.798719052584 0.526356002665	51.0 2.3670086518 -0.778997063501 0.537973337022
52.0 2.53394052428 -0.833935366481 0.525203485587	52.0 2.47150452622 -0.813387296618 0.53682407946
53.0 2.64272498062 -0.869736998207 0.524041010292	53.0 2.57774755317 -0.848352528344 0.535664769472
54.0 2.75321503893 -0.906099954001 0.522869151402	54.0 2.6856669748 -0.883869471843 0.534495976912
55.0 2.86533882861 -0.943000580806 0.521688468061	55.0 2.79519302278 -0.919915165926 0.533318256407
56.0 2.97902565129 -0.980415611362 0.520499503608	56.0 2.90625705194 -0.956467019046 0.532132147037
57.0 3.09420609612 -1.01832220212 0.519302785384	57.0 3.01879165282 -0.993502846336 0.530938172147
58.0 3.2108121354 -1.05669796476 0.518098824638	58.0 3.13273074505 -1.03100090035 0.529736839232
59.0 3.32877720259 -1.09552099182 0.516888116491	59.0 3.24800965384 -1.0689398962 0.528528639908
60.0 3.44803625498 -1.13476987734 0.51567114	60.0 3.36456517125 -1.10729903178 0.52731404997
61.0 3.56852582225 -1.17442373286 0.514448358263	61.0 3.48233560397 -1.14605800345 0.526093529475
62.0 3.69018404298 -1.2144621994 0.513220218589	62.0 3.60126080942 -1.18519701789 0.524867522933
63.0 3.8129506902 -1.25486545589 0.511987152706	63.0 3.72128222097 -1.22469680049 0.523636459479
64.0 3.93676718747 -1.29561422448 0.510749577009	64.0 3.84234286427 -1.26453860063 0.522400753138
65.0 4.06157661669 -1.33668977305 0.509507892837	65.0 3.96438736525 -1.30470419437 0.521160803087
66.0 4.18732371858 -1.37807391546 0.508262486797	66.0 4.08736195111 -1.34517588475 0.519916993955
67.0 4.31395488673 -1.41974900949 0.507013731059	67.0 4.21121444515 -1.38593650008 0.518669696141
68.0 4.4414181563 -1.4616979532 0.505761983723	68.0 4.33589425622 -1.42696939053 0.517419266149
69.0 4.56966318805 -1.50390417964 0.50450758917	69.0 4.46135236376 -1.46825842312 0.516166046944
70.0 4.69864124817 -1.54635165021 0.50325087842	70.0 4.58754129865 -1.50978797548 0.514910368301
71.0 4.82830518487 -1.58902484697 0.501992169511	71.0 4.71441512088 -1.55154292845 0.513652547166
72.0 4.95860940198 -1.63190876394 0.50073176787	72.0 4.84192939448 -1.59350865791 0.512392888038
73.0 5.08950983014 -1.67498889762 0.499469966687	73.0 4.97004116002 -1.63567102562 0.511131683328
74.0 5.22096389625 -1.71825123695 0.4982070473	74.0 5.09870890516 -1.67801636963 0.50986921373
75.0 5.35293049107 -1.76168225262 0.496943279559	75.0 5.22789253373 -1.72053149403 0.508605748589
76.0 5.48536993573 -1.80526888607 0.49567892221	76.0 5.35755333362 -1.76320365845 0.507341546273
77.0 5.61824394721 -1.84899853813 0.494414223244	77.0 5.48765394354 -1.80602056705 0.506076854513
78.0 5.75151560322 -1.89285905744 0.493149420273	78.0 5.61815831948 -1.84897035751 0.504811910791
79.0 5.88514930666 -1.93683872878 0.491884740883	79.0 5.74903170015 -1.8920415897 0.50354694265
80.0 6.01911074957 -1.98092626119 0.490620402975	80.0 5.88024057283 -1.93522323437 0.502282168073
81.0 6.1533668773 -2.02511077618 0.489356615109	81.0 6.01175263846 -1.97850466169 0.501017795788
82.0 6.28788585252 -2.06938179589 0.488093576835	82.0 6.14353677725 -2.02187562996 0.499754025614
83.0 6.42263701958 -2.11372923136 0.48683147902	83.0 6.27556301431 -2.06532627426 0.498491048773
84.0 6.55759086922 -2.15814337091 0.485570504168	84.0 6.40780248552 -2.10884709522 0.497229048201
85.0 6.69271900328 -2.20261486853 0.484310826711	85.0 6.5402274038 -2.15242894795 0.49596819885
86.0 6.82799410046 -2.24713473262 0.483052613319	86.0 6.67281102588 -2.19606303108 0.494708667979
87.0 6.96338988234 -2.29169431478 0.481796023195	87.0 6.80552761967 -2.23974087601 0.493450615449
88.0 7.0988810799 -2.33628529882 0.480541208339	88.0 6.93835243194 -2.2834543363 0.492194193985
89.0 7.23444340093 -2.38089969004 0.479288313831	89.0 7.07126165691 -2.32719557733 0.490939549451
90.0 7.37005349806 -2.42552980466 0.478037478091	90.0 7.20423240535 -2.37095706612 0.489686821108
91.0 7.50568893738 -2.47016825956 0.476788833131	91.0 7.33724267457 -2.41473156143 0.488436141873
92.0 7.64132816814 -2.51480796224 0.475542504809	92.0 7.47027131862 -2.45851210402 0.487187638535
93.0 7.77695049262 -2.55944210096 0.474298613046	93.0 7.60329802004 -2.50229200727 0.485941432024
94.0 7.91253603759 -2.60406413531 0.473057272086	94.0 7.73630326143 -2.54606484789 0.484697637607
95.0 8.04806572571 -2.64866778684 0.471818590683	95.0 7.86926829855 -2.58982445705 0.483456365124
96.0 8.18352124842 -2.69324703007 0.470582672341	96.0 8.00217513371 -2.63356491158 0.482217719189
97.0 8.3188850391 -2.73779608373 0.469349615503	97.0 8.13500649004 -2.67728052556 0.480981799393
98.0 8.45414024733 -2.78230940224 0.468119513757	98.0 8.26774578663 -2.72096584212 0.479748700506
99.0 8.5892707139 -2.82678166751 0.46689245603	99.0 8.40037711429 -2.76461562545 0.478518512665
100.0 8.72426094617 -2.87120778081 0.465668526756	100.0 8.53288521187 -2.808224853 0.47729132154
101.0 8.85909609489 -2.91558285516 0.464447806068	101.0 8.66525544373 -2.85178870809 0.476067208526
102.0 8.99376193124 -2.95990220777 0.463230369966	102.0 8.7974737776 -2.89530257263 0.474846250903
103.0 9.12824482467 -3.00416135274 0.462016290474	103.0 8.92952676331 -2.93876202007 0.473628522004
104.0 9.26253172165 -3.04835599408 0.460805635801	104.0 9.06140151196 -2.9821628086 0.472414091357
105.0 9.39661012496 -3.09248201887 0.459598470496	105.0 9.19308567619 -3.02550087463 0.471203024851
106.0 9.53046807385 -3.13653549077 0.458394855596	106.0 9.32456743077 -3.0687723264 0.469995384877
107.0 9.66409412437 -3.18051264348 0.457194848749	107.0 9.45583545367 -3.11197343777 0.468791230447
108.0 9.79747733117 -3.22440987484 0.455998504371	108.0 9.58687890847 -3.15510064239 0.467590617357
109.0 9.93060722917 -3.26822374072 0.454805873766	109.0 9.71768742664 -3.19815052793 0.466393598297
110.0 10.0634738163 -3.31195094937 0.453617005246	110.0 9.84825109069 -3.24111983048 0.465200222976
111.0 10.1960675365 -3.35558835585 0.452431944259	111.0 9.978560418 -3.28400542925 0.464010538244
112.0 10.3283792638 -3.39913295674 0.451250733501	112.0 10.1086063451 -3.32680434139 0.462824588202
113.0 10.4604002865 -3.44258188496 0.450073413026	113.0 10.2383802126 -3.36951371705 0.461642414324
114.0 10.592122292 -3.48593240479 0.448900020352	114.0 10.3678737503 -3.41213083446 0.460464055541
115.0 10.7235373524 -3.52918190708 0.447730590568	115.0 10.4970790634 -3.45465309537 0.459289548356
116.0 10.8546379101 -3.57232790462 0.446565156422	116.0 10.6259886185 -3.49707802054 0.458118926944
117.0 10.9854167647 -3.61536802771 0.445403748433	117.0 10.7545952311 -3.53940324544 0.45695222324
118.0 11.1158670596 -3.65830001979 0.44424639496	118.0 10.8828920521 -3.58162651603 0.455789467022
119.0 11.2459822695 -3.70112173333 0.443093122306	119.0 11.0108725561 -3.62374568479 0.454630686014
120.0 11.3757561882 -3.74383112584 0.441943954796	120.0 11.1385305297 -3.66575870677 0.45347590595
121.0 11.5051829169 -3.78642625598 0.440798914858	121.0 11.2658600597 -3.70766363596 0.452325150676
122.0 11.6342568526 -3.82890527979 0.439658023094	122.0 11.3928555223 -3.74945862155 0.451178442201
123.0 11.7629726778 -3.87126644725 0.438521298371	123.0 11.5195115729 -3.79114190454 0.450035800793
124.0 11.8913253495 -3.91350809866 0.437388757872	124.0 11.6458231353 -3.83271181438 0.448897245038
125.0 12.0193100893 -3.95562866143 0.436260417184	125.0 11.7717853925 -3.87416676571 0.447762791914
126.0 12.1469223734 -3.99762664671 0.435136290342	126.0 11.8973937764 -3.91550525516 0.446632456841
127.0 12.2741579234 -4.03950064651 0.434016389921	127.0 12.0226439596 -3.95672585856 0.445506253775
128.0 12.4010126971 -4.08124933051 0.432900727069	128.0 12.1475318459 -3.99782722785 0.444384195238
129.0 12.5274828799 -4.12287144328 0.431789311582	129.0 12.2720535621 -4.03880808832 0.443266292387
130.0 12.6535648762 -4.16436580149 0.430682151952	130.0 12.3962054497 -4.07966723593 0.442152555074
131.0 12.7792553014 -4.20573129125 0.429579255435	131.0 12.5199840575 -4.12040353483 0.441042991902
132.0 12.9045509739 -4.24696686547 0.428480628081	132.0 12.6433861329 -4.16101591464 0.43993761026
133.0 13.0294489077 -4.28807154145 0.427386274801	133.0 12.7664086157 -4.20150336819 0.438836416393
134.0 13.1539463052 -4.32904439846 0.426296199413	134.0 12.8890486302 -4.24186494908 0.43773941543
135.0 13.2780405498 -4.36988457539 0.42521040468	135.0 13.0113034791 -4.2820997696 0.436646611451
136.0 13.4017291996 -4.41059126859 0.424128892363	136.0 13.1331706364 -4.32220699844 0.435558007516
137.0 13.5250099806 -4.45116372969 0.42305166326	137.0 13.2546477412 -4.36218585862 0.434473605711
138.0 13.6478807806 -4.4916012635 0.421978717244	138.0 13.3757325916 -4.40203562548 0.433393407192
139.0 13.7703396429 -4.53190322607 0.420910053308	139.0 13.4964231389 -4.44175562477 0.432317412216
140.0 13.8923847606 -4.57206902279 0.4198456696	140.0 13.616717482 -4.48134523081 0.431245620195
141.0 14.0140144711 -4.61209810643 0.418785563461	141.0 13.7366138614 -4.52080386454 0.430178029708
142.0 14.1352272504 -4.65198997547 0.417729731454	142.0 13.8561106545 -4.56013099199 0.42911463856
143.0 14.2560217083 -4.69174417234 0.416678169411	143.0 13.9752063704 -4.59932612248 0.428055443804
144.0 14.3763965825 -4.73136028166 0.415630872445	144.0 14.0938996447 -4.63838880697 0.427000441767
145.0 14.4963507349 -4.77083792887 0.414587835006	145.0 14.2121892351 -4.67731863659 0.425949628096
146.0 14.6158831462 -4.81017677848 0.41354905089	146.0 14.3300740165 -4.71611524113 0.424902997775
147.0 14.7349929112 -4.84937653263 0.412514513276	147.0 14.4475529772 -4.75477828756 0.423860545164
148.0 14.8536792351 -4.88843692969 0.411484214753	148.0 14.564625214 -4.79330747864 0.422822264019
149.0 14.9719414288 -4.92735774291 0.41045814735	149.0 14.681289928 -4.83170255151 0.421788147516
150.0 15.089778905 -4.96613877899 0.409436302555	150.0 14.7975464217 -4.86996327654 0.420758188287
151.0 15.2071911745 -5.00477987692 0.408418671346	151.0 14.9133940939 -4.90808945594 0.419732378438
152.0 15.3241778418 -5.04328090658 0.407405244208	152.0 15.0288324371 -4.94608092262 0.418710709571
153.0 15.4407386024 -5.08164176771 0.406396011164	153.0 15.1438610331 -4.98393753902 0.417693172815
154.0 15.5568732382 -5.1198623886 0.405390961783	154.0 15.2584795503 -5.02165919592 0.416679758834
155.0 15.6725816156 -5.1579427252 0.404390085225	155.0 15.3726877397 -5.05924581147 0.415670457862
156.0 15.7878636804 -5.19588275973 0.40339337023	156.0 15.4864854324 -5.09669733002 0.414665259716
157.0 15.9027194564 -5.23368249997 0.402400805165	157.0 15.599872536 -5.13401372121 0.413664153815
158.0 16.0171490411 -5.27134197805 0.401412378028	158.0 15.7128490322 -5.17119497894 0.412667129203
159.0 16.1311526034 -5.30886124957 0.400428076469	159.0 15.8254149731 -5.20824112045 0.411674174562
160.0 16.2447303809 -5.34624039269 0.39944788781	160.0 15.9375704795 -5.24515218539 0.410685278233
161.0 16.3578826766 -5.38347950713 0.398471799054	161.0 16.0493157372 -5.28192823502 0.409700428232
162.0 16.4706098569 -5.42057871348 0.397499796915	162.0 16.1606509952 -5.31856935123 0.408719612264
163.0 16.5829123484 -5.45753815216 0.396531867814	163.0 16.271576563 -5.35507563586 0.407742817741
164.0 16.6947906363 -5.49435798284 0.395567997915	164.0 16.382092808 -5.39144720985 0.406770031795
165.0 16.8062452613 -5.53103838344 0.394608173119	165.0 16.4922001536 -5.42768421253 0.405801241297
166.0 16.9172768177 -5.56757954958 0.393652379097	166.0 16.6018990763 -5.46378680074 0.404836432857
167.0 17.0278859512 -5.60398169375 0.392700601287	167.0 16.7111901044 -5.49975514836 0.403875592857
168.0 17.1380733566 -5.64024504461 0.391752824914	168.0 16.8200738155 -5.53558944544 0.40291870745
169.0 17.247839776 -5.67636984641 0.390809035006	169.0 16.9285508344 -5.57128989761 0.401965762575
170.0 17.3571859966 -5.71235635819 0.389869216394	170.0 17.0366218313 -5.60685672547 0.401016743973
171.0 17.466112849 -5.74820485334 0.388933353737	171.0 17.14428752 -5.64229016388 0.400071637188
172.0 17.5746212053 -5.78391561883 0.388001431521	172.0 17.251548656 -5.67759046154 0.399130427593
173.0 17.682711977 -5.81948895471 0.387073434076	173.0 17.3584060347 -5.71275788022 0.398193100388
174.0 17.7903861143 -5.85492517361 0.386149345589	174.0 17.4648604901 -5.74779269435 0.397259640613
175.0 17.8976446029 -5.89022460002 0.385229150099	175.0 17.5709128928 -5.78269519045 0.396330033165
176.0 18.0044884641 -5.92538756997 0.384312831529	176.0 17.6765641483 -5.81746566657 0.395404262794
177.0 18.1109187519 -5.9604144304 0.383400373672	177.0 17.7818151963 -5.85210443193 0.394482314127
178.0 18.2169365524 -5.9953055387 0.382491760216	178.0 17.8866670082 -5.88661180628 0.393564171667
179.0 18.3225429816 -6.03006126221 0.381586974742	179.0 17.9911205864 -5.92098811943 0.392649819795
180.0 18.4277391851 -6.06468197791 0.380686000739	180.0 18.0951769628 -5.95523371106 0.391739242801
181.0 18.5325263356 -6.09916807179 0.379788821608	181.0 18.1988371974 -5.98934892997 0.390832424864
182.0 18.6369056324 -6.13351993848 0.378895420664	182.0 18.302102377 -6.02333413388 0.389929350081
183.0 18.7408783 -6.16773798102 0.37800578116	183.0 18.4049736142 -6.05718968892 0.389030002462
184.0 18.8444455866 -6.2018226102 0.377119886273	184.0 18.5074520458 -6.09091596924 0.388134365939
185.0 18.9476087635 -6.23577424438 0.376237719125	185.0 18.6095388324 -6.12451335678 0.387242424376
186.0 19.0503691233 -6.26959330899 0.37535926278	186.0 18.7112351566 -6.15798224076 0.386354161577
187.0 19.1527279795 -6.3032802363 0.374484500259	187.0 18.8125422222 -6.19132301733 0.38546956128
188.0 19.254686665 -6.336835465 0.373613414538	188.0 18.9134612533 -6.22453608935 0.384588607179
189.0 19.3562465313 -6.37025943984 0.372745988555	189.0 19.0139934929 -6.25762186594 0.383711282915
190.0 19.4574089476 -6.40355261144 0.37188220522	190.0 19.1141402024 -6.29058076223 0.382837572092
191.0 19.5581752999 -6.43671543593 0.371022047419	191.0 19.2139026611 -6.3234131992 0.381967458284
192.0 19.6585469894 -6.46974837452 0.370165498008	192.0 19.3132821636 -6.35611960292 0.381100925018
193.0 19.7585254328 -6.50265189337 0.369312539832	193.0 19.412280021 -6.38870040493 0.380237955813
194.0 19.8581120608 -6.53542646337 0.368463155727	194.0 19.510897559 -6.42115604146 0.379378534157
195.0 19.957308317 -6.56807255965 0.367617328513	195.0 19.6091361168 -6.45348695332 0.378522643522
196.0 20.056115658 -6.60059066151 0.366775041012	196.0 19.7069970473 -6.48569358569 0.377670267368
197.0 20.1545355517 -6.63298125214 0.365936276045	197.0 19.8044817158 -6.51777638794 0.37682138915
198.0 20.2525694777 -6.66524481837 0.36510101644	198.0 19.9015914991 -6.54973581318 0.375975992314
199.0 20.350218925 -6.69738185036 0.364269245026	199.0 19.998327785 -6.58157231812 0.3751340603
200.0 20.4474853929 -6.72939284144 0.363440944645	200.0 20.0946919722 -6.61328636311 0.374295576567
201.0 20.5443703897 -6.76127828807 0.362616098161	201.0 20.1906854686 -6.64487841148 0.373460524565
202.0 20.6408754317 -6.79303868923 0.361794688444	202.0 20.2863096913 -6.67634892961 0.372628887757
203.0 20.7370020436 -6.82467454672 0.360976698397	203.0 20.3815660662 -6.70769838676 0.371800649622
204.0 20.8327517567 -6.85618636449 0.360162110936	204.0 20.4764560268 -6.73892725472 0.370975793652
205.0 20.928126109 -6.88757464876 0.359350909009	205.0 20.5709810141 -6.77003600775 0.370154303357
206.0 21.0231266453 -6.91883990784 0.358543075595	206.0 20.6651424761 -6.80102512236 0.369336162272
207.0 21.1177549148 -6.94998265167 0.357738593698	207.0 20.758941867 -6.83189507713 0.368521353954
208.0 21.2120124731 -6.98100339215 0.356937446367	208.0 20.8523806465 -6.8626463525 0.36770986198
209.0 21.3059008792 -7.0119026424 0.356139616676	209.0 20.9454602801 -6.89327943077 0.366901669969
210.0 21.3994216968 -7.04268091702 0.355345087743	210.0 21.0381822381 -6.92379479578 0.366096761561
211.0 21.4925764935 -7.0733387319 0.35455384273	211.0 21.1305479949 -6.95419293278 0.365295120431
212.0 21.5853668398 -7.10387660393 0.353765864842	212.0 21.2225590293 -6.98447432848 0.364496730297
213.0 21.677794309 -7.13429505086 0.352981137323	213.0 21.3142168234 -7.01463947063 0.363701574909
214.0 21.7698604768 -7.16459459131 0.352199643467	214.0 21.4055228624 -7.04468884802 0.362909638054
215.0 21.8615669214 -7.19477574464 0.351421366624	215.0 21.4964786344 -7.07462295039 0.362120903566
216.0 21.9529152219 -7.22483903054 0.350646290181	216.0 21.58708563 -7.10444226832 0.361335355322
217.0 22.0439069595 -7.25478496941 0.349874397591	217.0 21.6773453417 -7.13414729299 0.360552977243
218.0 22.1345437155 -7.28461408168 0.349105672349	218.0 21.7672592638 -7.16373851616 0.359773753297
219.0 22.2248270726 -7.31432688817 0.348340098012	219.0 21.8568288918 -7.19321643003 0.3589976675
220.0 22.3147586132 -7.34392390971 0.347577658191	220.0 21.9460557222 -7.22258152713 0.358224703919
221.0 22.4043399203 -7.37340566725 0.346818336561	221.0 22.0349412523 -7.2518343002 0.357454846668
222.0 22.493572576 -7.40277268147 0.346062116846	222.0 22.1234869801 -7.28097524224 0.356688079922
223.0 22.582458162 -7.43202547293 0.345308982837	223.0 22.2116944033 -7.31000484615 0.355924387905
224.0 22.6709982591 -7.46116456189 0.344558918384	224.0 22.2995650196 -7.33892360486 0.355163754895
225.0 22.7591944474 -7.49019046834 0.343811907405	225.0 22.3871003261 -7.36773201108 0.354406165227
226.0 22.8470483048 -7.51910371159 0.343067933872	226.0 22.4743018199 -7.39643055745 0.353651603297
227.0 22.9345614083 -7.54790481065 0.342326981832	227.0 22.5611709961 -7.42501973609 0.352900053554
228.0 23.0217353324 -7.57659428369 0.341589035388	228.0 22.6477093498 -7.453500039 0.352151500514
229.0 23.1085716502 -7.60517264841 0.340854078719	229.0 22.7339183738 -7.48187195751 0.351405928747
230.0 23.1950719318 -7.63364042157 0.340122096062	230.0 22.8197995597 -7.51013598248 0.350663322884
231.0 23.281237745 -7.66199811912 0.339393071727	231.0 22.9053543972 -7.53829260416 0.349923667622
232.0 23.3670706551 -7.69024625623 0.338666990094	232.0 22.9905843739 -7.56634231218 0.349186947721
233.0 23.4525722243 -7.71838534701 0.337943835609	233.0 23.0754909752 -7.5942855954 0.348453148001
234.0 23.5377440116 -7.74641590453 0.337223592789	234.0 23.1600756844 -7.62212294193 0.347722253352
235.0 23.6225875729 -7.77433844088 0.336506246224	235.0 23.2443399814 -7.64985483885 0.34699424872
236.0 23.7071044604 -7.80215346687 0.335791780569	236.0 23.3282853443 -7.67748177258 0.346269119128
237.0 23.791296223 -7.82986149227 0.33508018056	237.0 23.4119132476 -7.70500422841 0.345546849658
238.0 23.8751644055 -7.85746302548 0.334371430996	238.0 23.4952251628 -7.73242269064 0.34482742546
239.0 23.9587105491 -7.88495857369 0.333665516754	239.0 23.5782225584 -7.75973764255 0.344110831755
240.0 24.0419361906 -7.91234864272 0.332962422782	240.0 23.6609068993 -7.78694956619 0.343397053826
241.0 24.1248428628 -7.93963373698 0.332262134103	241.0 23.7432796467 -7.81405894254 0.342686077027
242.0 24.2074320939 -7.96681435944 0.331564635809	242.0 23.8253422586 -7.84106625139 0.341977886785
243.0 24.2897054083 -7.99389101175 0.330869913075	243.0 23.9070961885 -7.86797197109 0.341272468586
244.0 24.3716643249 -8.02086419385 0.330177951141	244.0 23.9885428866 -7.89477657891 0.340569807995
245.0 24.4533103584 -8.04773440418 0.329488735325	245.0 24.0696837986 -7.92148055068 0.339869890643
246.0 24.5346450187 -8.0745021397 0.328802251021	246.0 24.1505203663 -7.94808436087 0.339172702231
247.0 24.6156698109 -8.10116789569 0.328118483698	247.0 24.2310540272 -7.97458848255 0.33847822853
248.0 24.6963862347 -8.12773216577 0.3274374189	248.0 24.3112862142 -8.00099338731 0.337786455383
249.0 24.7767957848 -8.15419544184 0.326759042244	249.0 24.3912183558 -8.02729954533 0.337097368702
250.0 24.8568999507 -8.18055821412 0.326083339422	250.0 24.470851876 -8.05350742519 0.33641095447
251.0 24.9367002171 -8.20682097118 0.325410296208	251.0 24.550188194 -8.07961749399 0.335727198741
252.0 25.0161980626 -8.23298419965 0.324739898444	252.0 24.6292287246 -8.10563021735 0.335046087647
253.0 25.0953949607 -8.2590483845 0.324072132052	253.0 24.7079748772 -8.13154605909 0.334367607379
254.0 25.1742923791 -8.28501400877 0.323406983026	254.0 24.7864280565 -8.15736548155 0.333691744207
255.0 25.2528917806 -8.31088155383 0.322744437443	255.0 24.8645896624 -8.18308894537 0.333018484473
256.0 25.3311946215 -8.33665149897 0.322084481446	256.0 24.9424610894 -8.20871690958 0.332347814588
257.0 25.4092023528 -8.36232432176 0.321427101261	257.0 25.0200437272 -8.23424983148 0.331679721036
258.0 25.4869164197 -8.38790049776 0.320772283185	258.0 25.0973389599 -8.25968816659 0.331014190371
259.0 25.5643382615 -8.4133805007 0.320120013596	259.0 25.1743481667 -8.2850323688 0.33035120922
260.0 25.6414693116 -8.43876480232 0.319470278944	260.0 25.2510727214 -8.31028289029 0.329690764285
261.0 25.7183109975 -8.4640538724 0.318823065754	261.0 25.3275139923 -8.33544018133 0.329032842334
262.0 25.7948647406 -8.48924817873 0.318178360628	262.0 25.4036733419 -8.36050469034 0.328377430205
263.0 25.8711319563 -8.51434818713 0.317536150241	263.0 25.4795521282 -8.38547686427 0.327724514818
264.0 25.947114054 -8.53935436148 0.316896421348	264.0 25.5551517029 -8.41035714792 0.327074083155
265.0 26.0228124368 -8.5642671635 0.316259160773	265.0 25.6304734121 -8.43514598436 0.32642612227
266.0 26.0982285019 -8.58908705304 0.31562435542	266.0 25.7055185968 -8.45984381487 0.325780619294
267.0 26.1733636401 -8.6138144878 0.314991992263	267.0 25.780288592 -8.48445107883 0.325137561424
268.0 26.2482192363 -8.63844992358 0.314362058359	268.0 25.8547847269 -8.50896821369 0.324496935928
269.0 26.3227966687 -8.66299381391 0.313734540827	269.0 25.9290083254 -8.53339565517 0.323858730152
270.0 26.3970973091 -8.68744661036 0.313109426869	270.0 26.0029607052 -8.55773383688 0.323222931501
271.0 26.4711225239 -8.71180876253 0.312486703761	271.0 26.0766431786 -8.58198319075 0.322589527463
272.0 26.5448736725 -8.73608071781 0.31186635885	272.0 26.150057052 -8.6061441467 0.321958505589
273.0 26.6183521077 -8.76026292145 0.311248379554	273.0 26.2232036256 -8.63021713268 0.321329853502
274.0 26.6915591766 -8.78435581679 0.310632753372	274.0 26.2960841943 -8.65420257477 0.320703558895
275.0 26.7644962196 -8.80835984494 0.31001946787	275.0 26.3687000464 -8.67810089705 0.320079609528
276.0 26.8371645706 -8.83227544493 0.309408510689	276.0 26.4410524652 -8.7019125218 0.319457993239
277.0 26.9095655574 -8.85610305369 0.308799869542	277.0 26.5131427277 -8.72563786927 0.318838697929
278.0 26.9817005011 -8.87984310603 0.308193532215	278.0 26.5849721046 -8.74927735774 0.31822171157
279.0 27.0535707165 -8.90349603468 0.307589486566	279.0 26.6565418612 -8.77283140355 0.317607022202
280.0 27.1251775118 -8.92706227017 0.306987720524	280.0 26.7278532565 -8.79630042107 0.316994617935
281.0 27.1965221893 -8.95054224107 0.306388222093	281.0 26.7989075436 -8.81968482271 0.316384486947
282.0 27.2676060441 -8.97393637362 0.305790979343	282.0 26.8697059699 -8.84298501898 0.315776617488
283.0 27.3384303655 -8.99724509213 0.30519598042	283.0 26.9402497765 -8.86620141838 0.315170997872
284.0 27.4089964357 -9.02046881862 0.304603213536	284.0 27.0105401986 -8.88933442737 0.31456761648
285.0 27.4793055313 -9.04360797315 0.304012666979	285.0 27.0805784655 -8.91238445052 0.313966461766
286.0 27.5493589217 -9.06666297354 0.303424329103	286.0 27.1503658003 -8.93535189037 0.313367522245
287.0 27.6191578702 -9.08963423555 0.302838188333	287.0 27.2199034202 -8.95823714755 0.312770786505
288.0 27.6887036333 -9.11252217269 0.302254233161	288.0 27.2891925366 -8.98104062067 0.312176243197
289.0 27.7579974618 -9.13532719661 0.301672452156	289.0 27.3582343547 -9.00376270643 0.311583881042
290.0 27.8270405993 -9.15804971659 0.301092833947	290.0 27.4270300736 -9.02640379944 0.310993688822
291.0 27.8958342835 -9.18069013997 0.300515367238	291.0 27.4955808866 -9.0489642924 0.31040565539
292.0 27.9643797453 -9.2032488718 0.299940040794	292.0 27.5638879811 -9.07144457609 0.309819769664
293.0 28.0326782094 -9.2257263152 0.299366843458	293.0 27.6319525381 -9.09384503924 0.309236020625
294.0 28.1007308943 -9.24812287113 0.298795764133	294.0 27.6997757332 -9.11616606867 0.308654397323
295.0 28.1685390112 -9.27043893825 0.298226791788	295.0 27.7673587354 -9.13840804918 0.308074888868
296.0 28.2361037662 -9.2926749135 0.297659915468	296.0 27.8347027082 -9.16057136363 0.307497484439
297.0 28.3034263583 -9.31483119141 0.297095124277	297.0 27.9018088089 -9.1826563929 0.306922173276
298.0 28.3705079801 -9.33690816455 0.296532407387	298.0 27.9686781889 -9.20466351596 0.306348944685
299.0 28.4373498181 -9.35890622335 0.295971754036	299.0 28.0353119938 -9.22659310978 0.305777788035
300.0 28.5039530524 -9.38082575622 0.295413153528	300.0 28.101711363 -9.24844554941 0.305208692759
301.0 28.5703188567 -9.40266714941 0.294856595231	301.0 28.1678774303 -9.27022120792 0.304641648352
302.0 28.6364483986 -9.4244307872 0.294302068582	302.0 28.2338113231 -9.2919204564 0.304076644371
303.0 28.7023428392 -9.44611705173 0.293749563077	303.0 28.2995141637 -9.31354366417 0.30351367044
304.0 28.7680033335 -9.46772632307 0.293199068279	304.0 28.3649870676 -9.33509119839 0.302952716238
305.0 28.8334310301 -9.48925897929 0.292650573816	305.0 28.4302311452 -9.35656342444 0.302393771512
306.0 28.8986270717 -9.51071539638 0.292104069377	306.0 28.4952475004 -9.37796070567 0.301836826065
307.0 28.9635925943 -9.53209594831 0.291559544716	307.0 28.560037232 -9.39928340366 0.301281869768
308.0 29.0283287282 -9.55340100698 0.291016989649	308.0 28.6246014323 -9.42053187794 0.300728892546
309.0 29.0928365971 -9.57463094222 0.290476394054	309.0 28.6889411878 -9.44170648607 0.300177884385
