1.0 0.150683457367 -0.0495908499185 0.504213505	1.0 0.148463081368 -0.0488601105604 0.511447922266
2.0 0.150683457586 -0.0495908499904 0.504213504997	2.0 0.148463081583 -0.0488601106311 0.511447922261
3.0 0.150683895294 -0.0495909940428 0.504213496182	3.0 0.148463512879 -0.0488602525731 0.511447913448
4.0 0.150703072589 -0.0495973054084 0.504213109948	4.0 0.148482409219 -0.0488664714745 0.511447527283
5.0 0.150875459383 -0.0496540389595 0.50420963805	5.0 0.14865227049 -0.0489223738607 0.511444056004
6.0 0.151562016641 -0.0498799891634 0.504195810686	6.0 0.149328769792 -0.0491450139297 0.511430231088
7.0 0.153286685556 -0.0504475882803 0.504161075744	7.0 0.151028174925 -0.0497042985808 0.511395502255
8.0 0.156562316515 -0.0515256185176 0.504095106228	8.0 0.154255832082 -0.0507665403454 0.511329544144
9.0 0.16176098934 -0.0532365336261 0.503990420832	9.0 0.159378391644 -0.0524524061126 0.51122487635
10.0 0.16926772097 -0.0557070450423 0.503839316242	10.0 0.166775271424 -0.0548867646112 0.511073796074
11.0 0.178980277764 -0.0589035070474 0.503643999528	11.0 0.176345790085 -0.0580364809956 0.51087850889
12.0 0.190960185704 -0.0628461682201 0.503403564912	12.0 0.188150645482 -0.0619215313028 0.510638107722
13.0 0.20514832216 -0.0675155709395 0.503119823001	13.0 0.202131665166 -0.0665227706223 0.510354401195
14.0 0.221472371857 -0.0728879158054 0.502795226064	14.0 0.218217685659 -0.0718167786175 0.510029839386
15.0 0.23987280686 -0.0789436118095 0.502432401329	15.0 0.236350149929 -0.0777842838101 0.509667047259
16.0 0.260318060485 -0.0856722701625 0.502033858077	16.0 0.256498058755 -0.0844150841663 0.509268531847
17.0 0.282810913585 -0.09307480606 0.501601828275	17.0 0.278664264601 -0.0917101184491 0.508836522942
18.0 0.307388477121 -0.101163432947 0.50113820107	18.0 0.30288545646 -0.0996814612318 0.508372907567
19.0 0.334118004505 -0.109960284334 0.500644518269	19.0 0.329228035959 -0.108350965696 0.507879225463
20.0 0.363090383064 -0.119495271797 0.500122005855	20.0 0.357781706481 -0.117748153777 0.507356700562
21.0 0.394412701022 -0.129803638728 0.499571623832	21.0 0.388652150988 -0.127907806384 0.50680629078
22.0 0.428200857385 -0.1409235282 0.498994122467	22.0 0.421953751578 -0.138867567367 0.506228744268
23.0 0.464572822088 -0.152893764843 0.49839009759	23.0 0.457802949112 -0.150665758129 0.505624654656
24.0 0.503642876256 -0.165751959275 0.497760040594	24.0 0.496312568 -0.163339509873 0.504994511049
25.0 0.545516964065 -0.179532978375 0.497104381115	25.0 0.537587235668 -0.176923256129 0.504338740696
26.0 0.590289155614 -0.194267781189 0.496423521752	26.0 0.581719896272 -0.191447585387 0.503657743717
27.0 0.63803913981 -0.209982593825 0.495717864997	27.0 0.628789338859 -0.206938427606 0.50295192003
28.0 0.688830623483 -0.226698382591 0.494987833168	28.0 0.678858618132 -0.223416534475 0.502221689296
29.0 0.742710495675 -0.24443057896 0.494233882195	29.0 0.731974228904 -0.240897207723 0.501467504728
30.0 0.799708615532 -0.263189009758 0.493456510344	30.0 0.788165894834 -0.259390229588 0.500689861836
31.0 0.861321634065 -0.283466232013 0.492647025318	31.0 0.848909231616 -0.279381234245 0.499880063875
32.0 0.925102423798 -0.304456881063 0.491821250264	32.0 0.911792385661 -0.300076465885 0.499053933333
33.0 0.992128422034 -0.326515548134 0.490973000307	33.0 0.977877733929 -0.321825559283 0.498205281516
34.0 1.06238946703 -0.349638888934 0.490102825688	34.0 1.04715560566 -0.344625331732 0.497334655743
35.0 1.13586379569 -0.373819741093 0.489211309667	35.0 1.11960490069 -0.368468839035 0.496442636375
36.0 1.21251911376 -0.399047476375 0.488299064977	36.0 1.195194142 -0.393345721918 0.495529833275
37.0 1.29231367392 -0.425308355482 0.487366729861	37.0 1.27388253627 -0.419242555049 0.494596881867
38.0 1.37519733492 -0.452585876619 0.486414963921	38.0 1.35562101577 -0.44614318993 0.493644439006
39.0 1.46111258265 -0.48086111154 0.485444443996	39.0 1.44035324283 -0.474029085495 0.49267317885
40.0 1.54999550008 -0.510113024759 0.484455860119	40.0 1.52801656418 -0.502879622166 0.491683788838
41.0 1.64177667785 -0.540318773233 0.483449911682	41.0 1.61854290686 -0.532672396714 0.490676965874
42.0 1.736382061 -0.571453985015 0.482427303874	42.0 1.71185961125 -0.563383496413 0.489653412747
43.0 1.83373372967 -0.603493016205 0.481388744375	43.0 1.80789019941 -0.594987751905 0.488613834858
44.0 1.93375061421 -0.636409186282 0.480334940375	44.0 1.90655507869 -0.627458968759 0.48755893723
45.0 2.03634914592 -0.670174992277 0.479266595882	45.0 2.00777218213 -0.660770138236 0.486489421821
46.0 2.14144384612 -0.704762302628 0.47818440933	46.0 2.11145754826 -0.694893628104 0.485405985147
47.0 2.24894785661 -0.740142531769 0.477089071487	47.0 2.21752584317 -0.729801354444 0.484309316171
48.0 2.35942626846 -0.776501654645 0.475978733713	48.0 2.32653475226 -0.765676854947 0.483197561824
49.0 2.47162870052 -0.813428163139 0.474858574096	49.0 2.43725134194 -0.802114363605 0.482075903365
50.0 2.58599987205 -0.851068417097 0.473727182135	50.0 2.55011452501 -0.839258329312 0.480942926735
51.0 2.70245424694 -0.889394266054 0.472585192482	51.0 2.66504022051 -0.877081080507 0.479799265263
52.0 2.82090691576 -0.9283777658 0.471433224955	52.0 2.78194495121 -0.915555144325 0.478645537569
53.0 2.94127384049 -0.967991258906 0.470271883816	53.0 2.90074608471 -0.954653325933 0.477482346831
54.0 3.06347206528 -1.00820744409 0.469101757226	54.0 3.0213620412 -0.994348776918 0.476310280247
55.0 3.18741989641 -1.04899943545 0.467923416819	55.0 3.14371247099 -1.0346150537 0.475129908609
56.0 3.3130370548 -1.09034081265 0.466737417433	56.0 3.26771840477 -1.075426167 0.473941786012
57.0 3.4402448034 -1.13220566285 0.465544296917	57.0 3.39330237956 -1.11675662328 0.472746449684
58.0 3.56896605258 -1.17456861536 0.464344576065	58.0 3.52038854266 -1.15858145893 0.471544419893
59.0 3.69912544548 -1.2174048698 0.463138758613	59.0 3.64890273613 -1.20087626815 0.470336199956
60.0 3.83064942573 -1.2606902183 0.461927331322	60.0 3.77877256385 -1.24361722491 0.469122276317
61.0 3.9634662896 -1.30440106272 0.460710764126	61.0 3.90992744314 -1.28678110002 0.467903118677
62.0 4.09750622409 -1.34851442719 0.459489510321	62.0 4.04229864277 -1.33034527361 0.466679180198
63.0 4.2327013328 -1.39300796658 0.458264006804	63.0 4.1758193088 -1.37428774364 0.465450897728
64.0 4.36898565124 -1.43785997157 0.457034674359	64.0 4.31042447996 -1.41858713097 0.464218692082
65.0 4.50629515249 -1.48304937052 0.45580191797	65.0 4.44605109379 -1.46322268134 0.462982968355
66.0 4.64456774477 -1.52855572862 0.454566127148	66.0 4.5826379845 -1.50817426472 0.461744116246
67.0 4.7837432619 -1.57435924483 0.4533276763	67.0 4.72012587409 -1.55342237236 0.46050251042
68.0 4.92376344757 -1.62044074664 0.452086925097	68.0 4.85845735717 -1.59894811179 0.459258510874
69.0 5.06457193434 -1.66678168318 0.450844218862	69.0 4.99757688074 -1.64473320017 0.458012463319
70.0 5.20611421817 -1.71336411682 0.449599888964	70.0 5.13743071943 -1.69075995617 0.456764699575
71.0 5.34833762915 -1.76017071359 0.44835425322	71.0 5.27796694716 -1.73701129059 0.455515537967
72.0 5.49119129896 -1.80718473241 0.447107616297	72.0 5.41913540538 -1.78347069593 0.454265283721
73.0 5.63462612591 -1.8543900136 0.445860270121	73.0 5.560887669 -1.83012223522 0.453014229374
74.0 5.77859473756 -1.90177096662 0.444612494276	74.0 5.70317701014 -1.87695053001 0.451762655172
75.0 5.92305145195 -1.94931255724 0.443364556412	75.0 5.8459583599 -1.92394074785 0.450510829461
76.0 6.06795223711 -1.99700029426 0.442116712628	76.0 5.98918826926 -1.97107858941 0.449259009088
77.0 6.21325466998 -2.04482021602 0.440869207883	77.0 6.13282486866 -2.01835027516 0.448007439789
78.0 6.3589178944 -2.09275887649 0.439622276365	78.0 6.27682782715 -2.06574253192 0.446756356573
79.0 6.50490257864 -2.14080333136 0.438376141877	79.0 6.42115831064 -2.11324257918 0.445505984088
80.0 6.65117087288 -2.18894112401 0.437131018203	80.0 6.56577894057 -2.16083811541 0.444256537002
81.0 6.79768636653 -2.23716027151 0.435887109475	81.0 6.71065375203 -2.20851730433 0.443008220352
82.0 6.94441404579 -2.28544925059 0.434644610523	82.0 6.8557481523 -2.25626876128 0.441761229905
83.0 7.09132025146 -2.33379698381 0.433403707219	83.0 7.00102887939 -2.30408153954 0.440515752482
84.0 7.23837263712 -2.38219282577 0.432164576807	84.0 7.14646396155 -2.35194511699 0.439271966317
85.0 7.38554012808 -2.43062654958 0.430927388242	85.0 7.29202267648 -2.39984938274 0.438030041353
86.0 7.53279288063 -2.4790883335 0.429692302492	86.0 7.43767551192 -2.44778462413 0.436790139574
87.0 7.68010224215 -2.52756874778 0.428459472845	87.0 7.58339412642 -2.49574151382 0.435552415299
88.0 7.82744071204 -2.57605874181 0.427229045214	88.0 7.72915131104 -2.54371109716 0.434317015482
89.0 7.97478190329 -2.62454963145 0.426001158411	89.0 7.87492095188 -2.59168477992 0.433084079999
90.0 8.12210050516 -2.67303308679 0.424775944438	90.0 8.02067799313 -2.63965431609 0.431853741909
91.0 8.26937224641 -2.72150112001 0.423553528747	91.0 8.16639840154 -2.68761179616 0.430626127743
92.0 8.41657385969 -2.76994607369 0.422334030497	92.0 8.31205913125 -2.7355496356 0.429401357745
93.0 8.56368304682 -2.81836060935 0.42111756281	93.0 8.45763808963 -2.7834605636 0.428179546117
94.0 8.71067844472 -2.86673769628 0.419904232999	94.0 8.60311410447 -2.83133761224 0.426960801281
95.0 8.85753959294 -2.91507060082 0.418694142824	95.0 8.74846689135 -2.87917410581 0.425745226084
96.0 9.00424690136 -2.96335287573 0.417487388691	96.0 8.89367702256 -2.92696365053 0.424532918037
97.0 9.15078161928 -3.01157835006 0.41628406188	97.0 9.03872589657 -2.97470012451 0.42332396952
98.0 9.29712580533 -3.05974111917 0.415084248748	98.0 9.18359570865 -3.02237766811 0.422118467995
99.0 9.44326229842 -3.10783553526 0.413888030935	99.0 9.32826942221 -3.06999067449 0.420916496205
100.0 9.58917468936 -3.15585619796 0.412695485549	100.0 9.4727307411 -3.11753378047 0.419718132358
101.0 9.73484729358 -3.20379794538 0.411506685354	101.0 9.6169640829 -3.1650018578 0.418523450322
102.0 9.88026512476 -3.25165584543 0.410321698952	102.0 9.76095455283 -3.21239000451 0.417332519794
103.0 10.0254138691 -3.29942518735 0.409140590946	103.0 9.9046879186 -3.25969353666 0.416145406466
104.0 10.1702798606 -3.34710147356 0.407963422108	104.0 10.0481505864 -3.30690798045 0.414962172207
105.0 10.3148500571 -3.39468041185 0.406790249537	105.0 10.1913295772 -3.35402906439 0.4137828752
106.0 10.4591120176 -3.44215790776 0.40562112682	106.0 10.3342125041 -3.40105271191 0.412607570107
107.0 10.6030538792 -3.48953005718 0.404456104158	107.0 10.4767875506 -3.44797503408 0.411436308207
108.0 10.7466643363 -3.53679313932 0.403295228525	108.0 10.6190434492 -3.49479232271 0.410269137536
109.0 10.8899326192 -3.58394360986 0.402138543793	109.0 10.7609694612 -3.54150104367 0.409106103031
110.0 11.0328484745 -3.63097809431 0.400986090863	110.0 10.902555357 -3.58809783028 0.407947246646
111.0 11.1754021456 -3.67789338169 0.399837907792	111.0 11.043791397 -3.6345794772 0.406792607485
112.0 11.3175843538 -3.72468641837 0.398694029913	112.0 11.1846683131 -3.68094293424 0.40564222191
113.0 11.4593862805 -3.77135430208 0.397554489939	113.0 11.3251772914 -3.72718530069 0.404496123673
114.0 11.60079955 -3.81789427634 0.396419318092	114.0 11.4653099548 -3.77330381963 0.403354344008
115.0 11.7418162124 -3.86430372474 0.395288542187	115.0 11.605058347 -3.81929587253 0.402216911748
116.0 11.8824287276 -3.91058016584 0.394162187753	116.0 11.744414916 -3.86515897401 0.40108385342
117.0 12.0226299501 -3.95672124796 0.393040278119	117.0 11.8833724992 -3.91089076685 0.399955193345
118.0 12.1624131132 -4.00272474418 0.391922834507	118.0 12.021924309 -3.95648901714 0.398830953731
119.0 12.3017718155 -4.04858854775 0.390809876134	119.0 12.1600639179 -4.0019516096 0.397711154764
120.0 12.4407000062 -4.09431066732 0.389701420276	120.0 12.2977852451 -4.04727654301 0.396595814684
121.0 12.5791919722 -4.13988922269 0.388597482376	121.0 12.4350825438 -4.09246192601 0.395484949886
122.0 12.7172423252 -4.18532244047 0.387498076106	122.0 12.5719503878 -4.13750597284 0.394378574985
123.0 12.8548459888 -4.23060865005 0.386403213451	123.0 12.7083836596 -4.18240699931 0.393276702894
124.0 12.9919981867 -4.27574627948 0.38531290477	124.0 12.8443775387 -4.22716341892 0.392179344901
125.0 13.1286944317 -4.32073385202 0.384227158895	125.0 12.9799274899 -4.27177373915 0.391086510736
126.0 13.2649305136 -4.3655699821 0.383145983163	126.0 13.1150292529 -4.31623655788 0.389998208642
127.0 13.4007024896 -4.41025337203 0.382069383502	127.0 13.2496788312 -4.36055055987 0.388914445435
128.0 13.5360066728 -4.45478280851 0.380997364488	128.0 13.3838724824 -4.40471451345 0.387835226569
129.0 13.6708396234 -4.49915715946 0.379929929408	129.0 13.5176067083 -4.44872726735 0.386760556198
130.0 13.8051981386 -4.54337537077 0.378867080311	130.0 13.6508782451 -4.49258774743 0.38569043722
131.0 13.9390792429 -4.58743646326 0.377808818063	131.0 13.7836840552 -4.53629495399 0.384624871355
132.0 14.0724801804 -4.6313395299 0.376755142408	132.0 13.9160213175 -4.57984795862 0.383563859174
133.0 14.2053984052 -4.67508373283 0.37570605201	133.0 14.0478874198 -4.62324590157 0.382507400167
134.0 14.3378315739 -4.71866830083 0.374661544509	134.0 14.1792799501 -4.66648798908 0.381455492779
135.0 14.4697775372 -4.76209252653 0.373621616557	135.0 14.3101966891 -4.70957349076 0.380408134467
136.0 14.6012343322 -4.80535576398 0.372586263869	136.0 14.4406356029 -4.75250173724 0.379365321741
137.0 14.7322001761 -4.84845742635 0.371555481274	137.0 14.5705948352 -4.79527211761 0.378327050202
138.0 14.8626734574 -4.89139698341 0.370529262743	138.0 14.7000727009 -4.83788407725 0.377293314586
139.0 14.9926527307 -4.93417395937 0.36950760143	139.0 14.829067679 -4.88033711562 0.376264108813
140.0 15.1221367093 -4.97678793081 0.368490489721	140.0 14.9575784063 -4.92263078412 0.37523942601
141.0 15.251124259 -5.01923852446 0.367477919262	141.0 15.0856036714 -4.96476468399 0.374219258557
142.0 15.3796143922 -5.06152541528 0.366469880991	142.0 15.2131424081 -5.00673846441 0.373203598119
143.0 15.5076062617 -5.1036483245 0.365466365178	143.0 15.3401936904 -5.04855182058 0.372192435682
144.0 15.6350991557 -5.14560701779 0.364467361456	144.0 15.4667567263 -5.09020449187 0.371185761583
145.0 15.7620924918 -5.1874013035 0.363472858852	145.0 15.5928308526 -5.13169626 0.370183565535
146.0 15.8885858117 -5.22903103084 0.362482845813	146.0 15.7184155303 -5.17302694761 0.369185836677
147.0 16.014578777 -5.27049608838 0.36149731024	147.0 15.8435103387 -5.21419641622 0.368192563578
148.0 16.140071163 -5.31179640223 0.36051623951	148.0 15.9681149713 -5.25520456497 0.367203734277
149.0 16.2650628555 -5.35293193475 0.359539620508	149.0 16.0922292311 -5.29605132904 0.366219336316
150.0 16.3895538452 -5.39390268295 0.358567439648	150.0 16.2158530258 -5.33673667804 0.365239356747
151.0 16.513544224 -5.43470867699 0.357599682897	151.0 16.3389863641 -5.37726061481 0.364263782173
152.0 16.6370341803 -5.47534997894 0.356636335801	152.0 16.4616293509 -5.4176231739 0.363292598761
153.0 16.7600239956 -5.51582668145 0.355677383509	153.0 16.583782184 -5.45782442038 0.362325792273
154.0 16.8825140403 -5.55613890633 0.354722810786	154.0 16.7054451495 -5.49786444848 0.361363348075
155.0 17.0045047697 -5.59628680353 0.353772602045	155.0 16.8266186194 -5.53774338053 0.360405251177
156.0 17.125996721 -5.63627054978 0.352826741354	156.0 16.9473030465 -5.5774613656 0.359451486232
157.0 17.2469905094 -5.67609034754 0.351885212465	157.0 17.0674989619 -5.61701857851 0.358502037567
158.0 17.3674868249 -5.71574642395 0.350947998834	158.0 17.1872069718 -5.6564152187 0.3575568892
159.0 17.4874864292 -5.75523902964 0.350015083624	159.0 17.306427754 -5.69565150925 0.356616024857
160.0 17.6069901524 -5.79456843784 0.349086449739	160.0 17.4251620545 -5.73472769571 0.355679427983
161.0 17.7259988903 -5.83373494332 0.348162079827	161.0 17.5434106855 -5.77364404536 0.354747081771
162.0 17.8445136012 -5.8727388615 0.347241956305	162.0 17.6611745217 -5.81240084607 0.353818969163
163.0 17.9625353034 -5.91158052749 0.346326061365	163.0 17.7784544981 -5.85099840554 0.352895072876
164.0 18.0800650725 -5.95026029527 0.345414376995	164.0 17.8952516071 -5.88943705041 0.351975375413
165.0 18.1971040387 -5.98877853682 0.344506884994	165.0 18.0115668959 -5.92771712528 0.351059859069
166.0 18.3136533845 -6.02713564128 0.343603566973	166.0 18.1274014644 -5.96583899217 0.350148505959
167.0 18.4297143422 -6.06533201423 0.342704404383	167.0 18.2427564626 -6.0038030295 0.349241298018
168.0 18.5452881915 -6.10336807684 0.341809378516	168.0 18.3576330883 -6.04160963154 0.348338217021
169.0 18.6603762579 -6.1412442653 0.340918470525	169.0 18.472032585 -6.07925920746 0.347439244586
170.0 18.7749799098 -6.17896102995 0.340031661426	170.0 18.5859562396 -6.11675218087 0.346544362196
171.0 18.8891005567 -6.21651883472 0.339148932115	171.0 18.6994053811 -6.15408898909 0.345653551204
172.0 19.0027396476 -6.25391815643 0.338270263377	172.0 18.8123813775 -6.19127008236 0.344766792841
173.0 19.1158986684 -6.29115948416 0.337395635894	173.0 18.924885635 -6.22829592344 0.343884068232
174.0 19.2285791408 -6.32824331866 0.336525030253	174.0 19.036919595 -6.26516698676 0.343005358394
175.0 19.3407826202 -6.36517017187 0.335658426966	175.0 19.1484847341 -6.30188375823 0.342130644267
176.0 19.4525106941 -6.40194056616 0.334795806462	176.0 19.2595825605 -6.33844673422 0.341259906696
177.0 19.5637649801 -6.43855503397 0.333937149108	177.0 19.3702146133 -6.3748564213 0.340393126456
178.0 19.6745471247 -6.47501411716 0.333082435209	178.0 19.4803824617 -6.41111333581 0.339530284262
179.0 19.7848588019 -6.51131836663 0.332231645021	179.0 19.5900877016 -6.44721800305 0.338671360762
180.0 19.8947017112 -6.54746834172 0.331384758754	180.0 19.699331956 -6.48317095713 0.337816336559
181.0 20.0040775769 -6.58346460991 0.330541756586	181.0 19.8081168723 -6.51897274025 0.33696519221
182.0 20.1129881463 -6.6193077462 0.329702618661	182.0 19.9164441222 -6.55462390253 0.336117908238
183.0 20.2214351879 -6.65499833268 0.328867325096	183.0 20.0243153987 -6.59012500118 0.335274465128
184.0 20.3294204917 -6.69053695838 0.328035855998	184.0 20.1317324169 -6.62547660061 0.334434843353
185.0 20.4369458662 -6.72592421855 0.327208191458	185.0 20.2386969109 -6.66067927157 0.333599023356
186.0 20.5440131383 -6.76116071442 0.326384311559	186.0 20.3452106338 -6.695733591 0.332766985573
187.0 20.6506241519 -6.79624705282 0.325564196384	187.0 20.4512753563 -6.73064014162 0.331938710431
188.0 20.7567807669 -6.83118384585 0.324747826024	188.0 20.5568928655 -6.76539951164 0.331114178358
189.0 20.8624848582 -6.86597171054 0.323935180575	189.0 20.6620649642 -6.8000122943 0.330293369784
190.0 20.9677383142 -6.90061126841 0.323126240149	190.0 20.7667934691 -6.83447908755 0.329476265143
191.0 21.0725430367 -6.93510314533 0.322320984875	191.0 20.8710802109 -6.86880049382 0.328662844883
192.0 21.1769009391 -6.96944797099 0.321519394904	192.0 20.9749270328 -6.90297711978 0.327853089477
193.0 21.280813946 -7.00364637885 0.320721450415	193.0 21.0783357893 -6.93700957572 0.327046979404
194.0 21.3842839927 -7.03769900575 0.319927131619	194.0 21.1813083461 -6.97089847567 0.326244495179
195.0 21.4873130232 -7.07160649154 0.319136418758	195.0 21.283846579 -7.00464443696 0.325445617347
196.0 21.5899029905 -7.10536947895 0.318349292113	196.0 21.3859523725 -7.03824807978 0.324650326474
197.0 21.6920558556 -7.13898861332 0.317565732007	197.0 21.4876276201 -7.0717100273 0.323858603175
198.0 21.7937735865 -7.17246454237 0.316785718811	198.0 21.5888742222 -7.10503090499 0.323070428093
199.0 21.8950581572 -7.20579791574 0.316009232932	199.0 21.6896940873 -7.1382113409 0.322285781925
200.0 21.9959115481 -7.23898938519 0.315236254841	200.0 21.7900891294 -7.17125196492 0.321504645402
201.0 22.0963357445 -7.27203960409 0.314466765058	201.0 21.8900612683 -7.20415340894 0.320726999312
202.0 22.1963327357 -7.30494922714 0.313700744153	202.0 21.9896124287 -7.23691630637 0.319952824486
203.0 22.2959045153 -7.33771891045 0.312938172763	203.0 22.0887445403 -7.26954129224 0.319182101818
204.0 22.39505308 -7.37034931115 0.312179031581	204.0 22.187459536 -7.30202900271 0.31841481225
205.0 22.4937804292 -7.40284108724 0.311423301364	205.0 22.2857593523 -7.33438007508 0.317650936788
206.0 22.5920885644 -7.43519489744 0.310670962935	206.0 22.3836459282 -7.36659514753 0.316890456497
207.0 22.689979489 -7.46741140107 0.309921997188	207.0 22.481121205 -7.39867485891 0.316133352501
208.0 22.7874552072 -7.49949125771 0.30917638508	208.0 22.5781871259 -7.43061984878 0.315379605998
209.0 22.8845177239 -7.53143512722 0.308434107642	209.0 22.6748456351 -7.46243075692 0.314629198243
210.0 22.9811690445 -7.56324366955 0.30769514598	210.0 22.7710986777 -7.49410822355 0.313882110568
211.0 23.0774111738 -7.59491754454 0.306959481274	211.0 22.866948199 -7.52565288883 0.31313832437
212.0 23.1732461162 -7.6264574118 0.306227094779	212.0 22.9623961444 -7.55706539299 0.312397821121
213.0 23.2686758749 -7.65786393063 0.30549796783	213.0 23.0574444585 -7.58834637606 0.311660582364
214.0 23.3637024517 -7.68913775982 0.304772081839	214.0 23.1520950851 -7.61949647776 0.310926589721
215.0 23.4583278464 -7.72027955752 0.304049418298	215.0 23.246349967 -7.65051633742 0.310195824887
216.0 23.5525540569 -7.75128998126 0.303329958785	216.0 23.3402110448 -7.68140659375 0.309468269635
217.0 23.6463830783 -7.78216968763 0.302613684957	217.0 23.4336802579 -7.71216788499 0.308743905823
218.0 23.739816903 -7.81291933235 0.301900578558	218.0 23.5267595425 -7.7428008484 0.308022715381
219.0 23.8328575203 -7.84353957009 0.301190621417	219.0 23.6194508329 -7.77330612051 0.307304680326
220.0 23.9255069156 -7.87403105427 0.300483795444	220.0 23.71175606 -7.80368433684 0.306589782756
221.0 24.0177670709 -7.9043944372 0.299780082643	221.0 23.8036771514 -7.83393613175 0.305878004848
222.0 24.1096399642 -7.9346303698 0.299079465103	222.0 23.8952160319 -7.86406213868 0.305169328874
223.0 24.2011275686 -7.96473950148 0.298381924999	223.0 23.9863746214 -7.89406298956 0.304463737178
224.0 24.2922318535 -7.99472248037 0.297687444602	224.0 24.0771548368 -7.92393931515 0.3037612122
225.0 24.3829547828 -8.02457995278 0.296996006265	225.0 24.1675585898 -7.95369174468 0.303061736461
226.0 24.4732983156 -8.05431256346 0.296307592438	226.0 24.2575877882 -7.983320906 0.302365292571
227.0 24.5632644057 -8.08392095545 0.29562218566	227.0 24.3472443349 -8.01282742536 0.301671863231
228.0 24.6528550012 -8.11340576986 0.294939768559	228.0 24.4365301276 -8.04221192732 0.300981431225
229.0 24.7420720449 -8.1427676461 0.294260323861	229.0 24.525447059 -8.07147503475 0.300293979428
230.0 24.8309174736 -8.17200722156 0.293583834382	230.0 24.6139970166 -8.10061736885 0.299609490809
231.0 24.9193932178 -8.20112513156 0.292910283028	231.0 24.7021818818 -8.12963954879 0.298927948418
232.0 25.0075012017 -8.2301220094 0.292239652801	232.0 24.7900035307 -8.15854219203 0.298249335404
233.0 25.0952433436 -8.2589984864 0.291571926798	233.0 24.8774638333 -8.18732591399 0.297573635002
234.0 25.1826215548 -8.28775519158 0.290907088211	234.0 24.9645646536 -8.2159913281 0.296900830538
235.0 25.2696377399 -8.31639275172 0.290245120319	235.0 25.0513078492 -8.24453904575 0.296230905433
236.0 25.3562937967 -8.34491179146 0.289586006504	236.0 25.1376952715 -8.27296967621 0.295563843195
237.0 25.442591616 -8.37331293304 0.288929730239	237.0 25.223728765 -8.30128382655 0.294899627425
238.0 25.5285330813 -8.40159679632 0.288276275087	238.0 25.309410168 -8.32948210173 0.294238241817
239.0 25.6141200692 -8.42976399893 0.287625624716	239.0 25.3947413119 -8.35756510451 0.29357967016
240.0 25.6993544485 -8.45781515587 0.28697776288	240.0 25.4797240207 -8.38553343515 0.292923896326
241.0 25.7842380806 -8.48575087977 0.286332673431	241.0 25.5643601121 -8.41338769188 0.29227090429
242.0 25.8687728196 -8.5135717808 0.285690340317	242.0 25.648651396 -8.44112847035 0.291620678112
243.0 25.9529605115 -8.54127846651 0.285050747579	243.0 25.7325996756 -8.468756364 0.290973201948
244.0 26.036802995 -8.56887154201 0.284413879358	244.0 25.8162067463 -8.49627196371 0.290328460045
245.0 26.1203021001 -8.59635160954 0.283779719878	245.0 25.8994743962 -8.52367585792 0.28968643674
246.0 26.2034596496 -8.62371926907 0.283148253472	246.0 25.9824044061 -8.55096863279 0.28904711647
247.0 26.2862774577 -8.65097511763 0.282519464555	247.0 26.0649985488 -8.57815087167 0.288410483754
248.0 26.3687573313 -8.67811974985 0.281893337649	248.0 26.1472585896 -8.60522315558 0.287776523209
249.0 26.450901068 -8.70515375735 0.281269857359	249.0 26.2291862862 -8.63218606298 0.287145219545
250.0 26.5327104581 -8.73207772936 0.280649008391	250.0 26.3107833884 -8.65904016972 0.286516557563
251.0 26.6141872831 -8.75889225215 0.280030775544	251.0 26.3920516378 -8.68578604899 0.285890522153
252.0 26.6953333159 -8.78559790919 0.279415143705	252.0 26.4729927684 -8.71242427145 0.285267098299
253.0 26.7761503218 -8.81219528147 0.278802097866	253.0 26.553608506 -8.73895540507 0.284646271075
254.0 26.8566400569 -8.8386849469 0.2781916231	254.0 26.6339005684 -8.76538001523 0.28402802565
255.0 26.936804269 -8.86506748072 0.277583704582	255.0 26.7138706654 -8.79169866459 0.283412347279
256.0 27.0166446976 -8.8913434554 0.276978327577	256.0 26.7935204987 -8.81791191319 0.282799221313
257.0 27.096163073 -8.91751344044 0.276375477441	257.0 26.8728517611 -8.84402031816 0.282188633185
258.0 27.1753611176 -8.94357800259 0.275775139623	258.0 26.9518661382 -8.87002443425 0.281580568429
259.0 27.2542405448 -8.96953770583 0.275177299668	259.0 27.0305653069 -8.89592481332 0.280975012664
260.0 27.3328030591 -8.99539311109 0.274581943205	260.0 27.1089509356 -8.92172200444 0.280371951598
261.0 27.4110503567 -9.02114477659 0.27398905596	261.0 27.1870246845 -8.94741655398 0.279771371027
262.0 27.4889841247 -9.04679325761 0.273398623749	262.0 27.2647882053 -8.97300900559 0.279173256838
263.0 27.5666060422 -9.07233910667 0.272810632481	263.0 27.3422431421 -8.99849990031 0.278577595013
264.0 27.6439177784 -9.0977828732 0.272225068149	264.0 27.4193911295 -9.02388977608 0.277984371612
265.0 27.7209209947 -9.12312510391 0.271641916841	265.0 27.4962337946 -9.04917916841 0.27739357279
266.0 27.7976173429 -9.14836634248 0.271061164731	266.0 27.5727727555 -9.07436860984 0.276805184787
267.0 27.874008467 -9.17350712988 0.270482798087	267.0 27.6490096219 -9.09945863013 0.276219193931
268.0 27.9500960014 -9.19854800408 0.269906803264	268.0 27.7249459955 -9.12444975636 0.275635586637
269.0 28.0258815718 -9.22348950006 0.269333166701	269.0 27.8005834694 -9.14934251289 0.275054349411
270.0 28.1013667952 -9.24833215003 0.268761874929	270.0 27.875923628 -9.17413742113 0.27447546884
271.0 28.1765532803 -9.27307648338 0.26819291457	271.0 27.9509680471 -9.19883499966 0.273898931595
272.0 28.2514426262 -9.29772302637 0.267626272326	272.0 28.0257182943 -9.22343576445 0.273324724439
273.0 28.3260364238 -9.32227230264 0.267061934993	273.0 28.1001759291 -9.24794022869 0.272752834219
274.0 28.4003362546 -9.3467248326 0.266499889444	274.0 28.1743425019 -9.27234890264 0.272183247862
275.0 28.4743436917 -9.37108113402 0.265940122645	275.0 28.2482195551 -9.29666229392 0.271615952387
276.0 28.5480602997 -9.3953417218 0.265382621648	276.0 28.3218086226 -9.32088090734 0.271050934891
277.0 28.621487634 -9.41950710783 0.264827373587	277.0 28.3951112294 -9.34500524478 0.270488182556
278.0 28.6946272413 -9.44357780114 0.264274365681	278.0 28.4681288926 -9.36903580554 0.269927682647
279.0 28.7674806597 -9.46755430792 0.263723585233	279.0 28.5408631206 -9.39297308602 0.269369422512
280.0 28.8400494185 -9.4914371315 0.263175019632	280.0 28.6133154137 -9.41681758001 0.268813389585
281.0 28.9123350385 -9.51522677232 0.262628656346	281.0 28.6854872633 -9.44056977833 0.268259571375
282.0 28.9843390314 -9.53892372798 0.262084482931	282.0 28.757380153 -9.46423016922 0.267707955477
283.0 29.0560629007 -9.56252849323 0.26154248702	283.0 28.8289955577 -9.48779923811 0.267158529568
284.0 29.1275081407 -9.58604155988 0.261002656331	284.0 28.9003349437 -9.51127746754 0.266611281399
285.0 29.1986762378 -9.60946341708 0.260464978664	285.0 28.9713997696 -9.53466533757 0.26606619881
286.0 29.2695686692 -9.63279455102 0.259929441897	286.0 29.0421914852 -9.55796332532 0.265523269714
287.0 29.3401869038 -9.65603544511 0.259396033992	287.0 29.1127115325 -9.58117190535 0.264982482108
288.0 29.4105324018 -9.67918657989 0.258864742985	288.0 29.1829613447 -9.60429154937 0.264443824063
289.0 29.4806066151 -9.70224843323 0.258335557001	289.0 29.2529423469 -9.62732272636 0.263907283731
290.0 29.5504109866 -9.72522147999 0.257808464232	290.0 29.3226559558 -9.65026590261 0.26337284934
291.0 29.6199469515 -9.7481061925 0.25728345296	291.0 29.392103581 -9.67312154195 0.262840509201
292.0 29.689215936 -9.7709030401 0.256760511538	292.0 29.4612866225 -9.69589010519 0.262310251695
293.0 29.7582193583 -9.79361248955 0.256239628402	293.0 29.530206473 -9.71857205067 0.261782065283
294.0 29.8269586273 -9.81623500455 0.255720792054	294.0 29.5988645165 -9.74116783384 0.261255938499
295.0 29.8954351449 -9.83877104642 0.255203991088	295.0 29.6672621299 -9.76367790786 0.26073185996
296.0 29.9636503036 -9.8612210735 0.254689214163	296.0 29.7354006808 -9.78610272285 0.260209818348
297.0 30.031605488 -9.88358554143 0.254176450016	297.0 29.8032815299 -9.80844272656 0.259689802428
298.0 30.0993020745 -9.90586490323 0.253665687462	298.0 29.870906029 -9.83069836397 0.259171801035
299.0 30.1667414315 -9.9280596092 0.25315691539	299.0 29.9382755224 -9.85287007738 0.258655803076
300.0 30.2339249184 -9.95017010673 0.252650122758	300.0 30.0053913465 -9.87495830669 0.258141797537
301.0 30.3008538872 -9.97219684083 0.252145298604	301.0 30.0722548297 -9.89696348907 0.257629773472
302.0 30.3675296818 -9.99414025374 0.251642432038	302.0 30.1388672924 -9.91888605907 0.25711972001
303.0 30.4339536374 -10.0160007849 0.251141512241	303.0 30.2052300474 -9.94072644872 0.256611626349
304.0 30.5001270819 -10.0377788713 0.250642528468	304.0 30.2713443995 -9.96248508746 0.256105481762
305.0 30.5660513346 -10.0594749472 0.250145470043	305.0 30.3372116459 -9.98416240218 0.255601275589
306.0 30.6317277072 -10.0810894442 0.249650326366	306.0 30.4028330759 -10.0057588172 0.255098997246
307.0 30.697157503 -10.1026227912 0.249157086901	307.0 30.4682099711 -10.0272747544 0.254598636212
308.0 30.7623420182 -10.1240754149 0.248665741191	308.0 30.5333436057 -10.048710633 0.25410018204
309.0 30.8272825404 -10.145447739 0.248176278843	309.0 30.5982352458 -10.0700668697 0.253603624352
