1.0 0.195051028894 0.510353053942 0.959427875028	1.0 0.191617321572 0.517586766902 0.932043212747
2.0 0.195051028895 0.510353053938 0.959427875042	2.0 0.191617321573 0.517586766899 0.932043212759
3.0 0.195051031311 0.510353048865 0.959427894523	3.0 0.191617323976 0.517586761823 0.932043231705
4.0 0.195051137179 0.510352826475 0.959428748356	4.0 0.191617429232 0.517586539442 0.932044061807
5.0 0.19505208884 0.510350827395 0.959436423576	5.0 0.191618375403 0.517584540425 0.932051523755
6.0 0.195055879045 0.510342865638 0.959466992354	6.0 0.191622143745 0.517576578907 0.932081243151
7.0 0.195065400719 0.510322864501 0.959543789944	7.0 0.191631610503 0.517556578358 0.932155906843
8.0 0.195083486645 0.510284874257 0.959689676194	8.0 0.191649592143 0.517518589172 0.932297739488
9.0 0.195112193014 0.51022457769 0.959921265509	9.0 0.191678133061 0.517458294124 0.932522893836
10.0 0.19515364392 0.510137516846 0.960255748651	10.0 0.191719345213 0.517371235141 0.932848082918
11.0 0.195207256821 0.510024920682 0.960688506483	11.0 0.191772649558 0.517258640827 0.933268815773
12.0 0.195273319816 0.509886191102 0.961221969628	12.0 0.191838332708 0.517119912719 0.933787455104
13.0 0.195351399379 0.509722246997 0.96185276568	13.0 0.1919159638 0.516955969308 0.934400721476
14.0 0.195440914783 0.50953431734 0.962576348576	14.0 0.192004965595 0.51676803922 0.935104193962
15.0 0.195541269393 0.509323665191 0.963388054282	15.0 0.192104744995 0.516557385243 0.935893336476
16.0 0.195651931376 0.509091418059 0.964283750477	16.0 0.192214773279 0.516325134732 0.936764129291
17.0 0.195772474865 0.508838481449 0.965260168909	17.0 0.19233462704 0.516072193129 0.937713392261
18.0 0.195902593024 0.508565511522 0.966315012213	18.0 0.192464001186 0.515799216594 0.938738888754
19.0 0.196042092808 0.508272926213 0.967446913711	19.0 0.192602703752 0.515506623087 0.939839286663
20.0 0.196190879132 0.507960938622 0.968655311791	20.0 0.192750640172 0.515194625732 0.941014036353
21.0 0.196348934001 0.507629600978 0.969940283375	21.0 0.192907792552 0.514863276718 0.942263208935
22.0 0.196516294404 0.507278851137 0.971302367048	22.0 0.193074197708 0.514512513776 0.943587324363
23.0 0.196693031346 0.50690855668 0.972742394701	23.0 0.193249926335 0.514142204236 0.944987187906
24.0 0.196879231375 0.506518553717 0.974261342773	24.0 0.193435064644 0.513752183824 0.946463745529
25.0 0.197074981186 0.506108679198 0.975860207704	25.0 0.193629699065 0.513342288945 0.948017962937
26.0 0.197280355452 0.505678796398 0.977539906999	26.0 0.193833904159 0.512912382157 0.949650729419
27.0 0.19749540773 0.505228813935 0.97930120456	27.0 0.194047733561 0.51246237121 0.951362785211
28.0 0.197720164092 0.504758699019 0.981144657724	28.0 0.194271213659 0.511992222276 0.953154670113
29.0 0.197954619108 0.504268485758 0.983070582921	29.0 0.194504339589 0.511501968283 0.955026690037
30.0 0.198198733757 0.50375827939 0.985079036736	30.0 0.194747073154 0.51099171315 0.956978898612
31.0 0.198456516216 0.503219732554 0.987203472576	31.0 0.195003398534 0.510453111413 0.959043793917
32.0 0.198721139884 0.502667134319 0.989388069611	32.0 0.195266531907 0.509900444726 0.961167146143
33.0 0.19899547906 0.50209450527 0.991656928137	33.0 0.195539330564 0.509327734609 0.963372367238
34.0 0.199279427214 0.501502095278 0.994009615144	34.0 0.19582168939 0.508735229188 0.965659035637
35.0 0.199572854275 0.500890203799 0.99644551324	35.0 0.196113479914 0.508123226081 0.968026550788
36.0 0.199875608898 0.500259174995 0.998963837114	36.0 0.196414552532 0.507492067572 0.970474149055
37.0 0.200187520808 0.499609392689 1.00156365079	37.0 0.196724738844 0.506842135558 0.973000920492
38.0 0.200508403144 0.498941275333 1.00424388488	38.0 0.197043853978 0.506173846539 0.975605825623
39.0 0.200838054753 0.498255271081 1.00700335358	39.0 0.197371698857 0.505487646705 0.978287711911
40.0 0.201176262363 0.497551853129 1.00984077079	40.0 0.197708062365 0.504784007278 0.981045329452
41.0 0.201522802656 0.496831515281 1.01275476543	41.0 0.198052723392 0.504063420103 0.983877345823
42.0 0.201877444158 0.496094767883 1.0157438956	42.0 0.198405452718 0.50332639358 0.986782359827
43.0 0.202239949005 0.495342134059 1.01880666158	43.0 0.19876601476 0.502573448916 0.989758914159
44.0 0.202610074534 0.494574146289 1.02194151777	44.0 0.199134169147 0.501805116715 0.99280550694
45.0 0.202987574724 0.493791343345 1.02514688335	45.0 0.199509672158 0.501021933907 0.995920602122
46.0 0.203372201495 0.492994267504 1.02842115196	46.0 0.199892277999 0.500224440983 0.999102638876
47.0 0.203763705851 0.492183462102 1.03176270029	47.0 0.200281739951 0.499413179544 1.00235003993
48.0 0.204163049589 0.49135696451 1.03518027061	48.0 0.200679015315 0.498586184762 1.00567129729
49.0 0.204567830485 0.490519773213 1.03865380074	49.0 0.201081716151 0.497748454296 1.00904692193
50.0 0.204978790535 0.489670377242 1.04219010681	50.0 0.201490581094 0.496898475282 1.01248353485
51.0 0.205395690979 0.488809295116 1.04578761082	51.0 0.201905373497 0.49603676475 1.01597960285
52.0 0.205818296309 0.487937037597 1.04944474993	52.0 0.202325859924 0.495163832032 1.01953360749
53.0 0.206246374764 0.487054106659 1.05315998023	53.0 0.202751810629 0.494280177746 1.02314404871
54.0 0.206679698714 0.486160994667 1.05693177974	54.0 0.203182999948 0.493386292966 1.0268094478
55.0 0.207118045009 0.485258183657 1.06075865112	55.0 0.203619206639 0.492482658512 1.03052835002
56.0 0.207561195239 0.484346144798 1.06463912378	56.0 0.204060214139 0.491569744414 1.03429932652
57.0 0.208008935952 0.483425337938 1.0685717556	57.0 0.204505810788 0.490648009441 1.03812097626
58.0 0.208461058822 0.482496211276 1.07255513438	58.0 0.204955789991 0.48971790079 1.04199192716
59.0 0.208917360769 0.481559201112 1.0765878789	59.0 0.205409950339 0.488779853822 1.04591083732
60.0 0.20937764405 0.480614731684 1.08066863971	60.0 0.205868095695 0.487834291917 1.04987639567
61.0 0.209841716302 0.479663215095 1.0847960997	61.0 0.206330035248 0.486881626374 1.05388732257
62.0 0.210309390575 0.478705051256 1.08896897448	62.0 0.206795583537 0.485922256368 1.0579423702
63.0 0.210780485326 0.477740627932 1.09318601252	63.0 0.207264560446 0.484956568999 1.06204032263
64.0 0.211254824397 0.476770320806 1.09744599519	64.0 0.207736791186 0.483984939346 1.06617999592
65.0 0.211732236975 0.475794493584 1.10174773665	65.0 0.208212106256 0.483007730569 1.07036023796
66.0 0.212212557528 0.474813498153 1.10609008356	66.0 0.208690341381 0.482025294065 1.0745799283
67.0 0.212695625745 0.473827674737 1.11047191483	67.0 0.209171337448 0.481037969633 1.07883797772
68.0 0.213181286448 0.472837352103 1.11489214114	68.0 0.209654940421 0.480046085669 1.08313332793
69.0 0.213669389497 0.471842847781 1.11934970447	69.0 0.210141001255 0.479049959376 1.08746495105
70.0 0.214159789706 0.470844468277 1.1238435776	70.0 0.210629375796 0.478049897002 1.09183184908
71.0 0.21465234672 0.469842509341 1.12837276346	71.0 0.211119924683 0.477046194071 1.09623305338
72.0 0.215146924917 0.468837256207 1.13293629455	72.0 0.21161251323 0.47603913565 1.10066762396
73.0 0.215643393293 0.467828983856 1.13753323225	73.0 0.212107011322 0.475028996596 1.10513464897
74.0 0.216141625342 0.466817957289 1.14216266617	74.0 0.212603293301 0.474016041827 1.10963324394
75.0 0.216641498944 0.465804431794 1.14682371344	75.0 0.213101237842 0.473000526597 1.11416255114
76.0 0.21714289624 0.464788653221 1.15151551801	76.0 0.213600727845 0.471982696754 1.11872173891
77.0 0.217645703517 0.463770858252 1.15623724994	77.0 0.214101650309 0.470962789019 1.12331000095
78.0 0.218149811087 0.462751274674 1.16098810469	78.0 0.21460389622 0.469941031258 1.12792655564
79.0 0.218655113169 0.461730121657 1.16576730236	79.0 0.215107360427 0.468917642756 1.13257064529
80.0 0.219161507771 0.460707610007 1.17057408708	80.0 0.215611941536 0.467892834459 1.13724153557
81.0 0.219668896572 0.459683942447 1.17540772618	81.0 0.216117541786 0.466866809268 1.14193851469
82.0 0.220177184811 0.458659313864 1.18026750962	82.0 0.21662406694 0.465839762275 1.14666089283
83.0 0.220686281171 0.457633911576 1.18515274919	83.0 0.217131426169 0.464811881033 1.1514080014
84.0 0.221196097669 0.456607915573 1.19006277792	84.0 0.217639531951 0.463783345793 1.15617919244
85.0 0.221706549551 0.455581498766 1.19499694941	85.0 0.218148299954 0.462754329758 1.16097383794
86.0 0.222217555182 0.454554827231 1.19995463714	86.0 0.218657648943 0.461724999308 1.16579132925
87.0 0.22272903594 0.453528060444 1.20493523382	87.0 0.219167500661 0.460695514252 1.17063107641
88.0 0.223240916127 0.452501351491 1.20993815091	88.0 0.219677779747 0.459666028041 1.1754925076
89.0 0.223753122853 0.451474847317 1.21496281785	89.0 0.220188413631 0.458636687978 1.18037506857
90.0 0.224265585959 0.450448688917 1.22000868158	90.0 0.22069933243 0.457607635475 1.18527822195
91.0 0.224778237907 0.449423011571 1.22507520588	91.0 0.221210468879 0.4565790062 1.19020144689
92.0 0.225291013703 0.448397945019 1.23016187096	92.0 0.221721758218 0.455550930332 1.19514423836
93.0 0.2258038508 0.447373613684 1.23526817276	93.0 0.222233138118 0.454523532735 1.20010610668
94.0 0.226316689022 0.446350136842 1.24039362254	94.0 0.222744548596 0.453496933145 1.20508657703
95.0 0.226829470471 0.445327628825 1.24553774631	95.0 0.223255931931 0.45247124636 1.21008518894
96.0 0.227342139458 0.444306199186 1.25070008438	96.0 0.223767232586 0.451446582419 1.21510149582
97.0 0.22785464242 0.443285952878 1.2558801909	97.0 0.224278397135 0.450423046768 1.22013506452
98.0 0.228366927842 0.442266990427 1.2610776333	98.0 0.22478937418 0.449400740441 1.22518547481
99.0 0.228878946194 0.441249408082 1.26629199198	99.0 0.225300114291 0.4483797602 1.23025231905
100.0 0.229390649854 0.44023329798 1.27152285978	100.0 0.225810569929 0.447360198708 1.23533520167
101.0 0.229901993042 0.4392187483 1.27676984161	101.0 0.226320695384 0.446342144671 1.24043373887
102.0 0.230412931759 0.438205843393 1.28203255406	102.0 0.226830446707 0.445325682985 1.24554755813
103.0 0.230923423715 0.437194663942 1.28731062494	103.0 0.227339781649 0.444310894876 1.25067629791
104.0 0.23143342828 0.436185287084 1.292603693	104.0 0.227848659602 0.443297858038 1.25581960722
105.0 0.231942906416 0.435177786549 1.2979114075	105.0 0.22835704154 0.442286646754 1.26097714534
106.0 0.232451820624 0.434172232777 1.3032334279	106.0 0.228864889966 0.441277332029 1.26614858144
107.0 0.232960134889 0.433168693058 1.30856942348	107.0 0.22937216885 0.440269981714 1.27133359423
108.0 0.233467814629 0.432167231622 1.31391907306	108.0 0.229878843584 0.439264660621 1.27653187167
109.0 0.233974826641 0.431167909776 1.31928206466	109.0 0.230384880932 0.438261430624 1.28174311067
110.0 0.234481139055 0.430170786001 1.32465809521	110.0 0.230890248977 0.437260350785 1.2869670168
111.0 0.234986721282 0.429175916067 1.33004687021	111.0 0.23139491708 0.436261477442 1.292203304
112.0 0.235491543978 0.428183353114 1.33544810355	112.0 0.231898855826 0.435264864328 1.29745169425
113.0 0.235995578988 0.427193147775 1.34086151711	113.0 0.232402036991 0.434270562653 1.30271191741
114.0 0.236498799313 0.426205348252 1.34628684061	114.0 0.232904433493 0.433278621198 1.30798371089
115.0 0.237001179064 0.425220000413 1.35172381127	115.0 0.233406019354 0.43228908642 1.31326681939
116.0 0.237502693426 0.424237147877 1.35717217364	116.0 0.23390676966 0.431302002521 1.31856099474
117.0 0.238003318616 0.423256832101 1.3626316793	117.0 0.234406660529 0.430317411536 1.32386599564
118.0 0.238503031851 0.422279092459 1.36810208665	118.0 0.234905669062 0.429335353428 1.32918158735
119.0 0.239001811311 0.421303966316 1.37358316074	119.0 0.235403773321 0.428355866143 1.3345075416
120.0 0.239499636103 0.420331489109 1.37907467299	120.0 0.235900952292 0.4273789857 1.33984363635
121.0 0.23999648623 0.419361694421 1.384576401	121.0 0.236397185847 0.426404746259 1.34518965554
122.0 0.240492342558 0.41839461404 1.39008812839	122.0 0.23689245472 0.425433180186 1.35054538897
123.0 0.240987186791 0.417430278034 1.39560964458	123.0 0.237386740473 0.424464318127 1.35591063205
124.0 0.241481001435 0.416468714812 1.40114074463	124.0 0.237880025466 0.423498189067 1.36128518567
125.0 0.241973769772 0.415509951189 1.40668122902	125.0 0.238372292835 0.422534820391 1.36666885601
126.0 0.242465475833 0.414554012448 1.4122309035	126.0 0.238863526455 0.421574237951 1.37206145437
127.0 0.242956104372 0.413600922388 1.41778957896	127.0 0.239353710923 0.420616466114 1.37746279702
128.0 0.24344564084 0.41265070339 1.42335707121	128.0 0.239842831529 0.419661527824 1.38287270502
129.0 0.243934071363 0.411703376461 1.42893320088	129.0 0.240330874234 0.418709444649 1.38829100413
130.0 0.244421382714 0.410758961291 1.43451779325	130.0 0.240817825644 0.417760236837 1.3937175246
131.0 0.244907562293 0.409817476306 1.44011067808	131.0 0.241303672984 0.416813923372 1.39915210104
132.0 0.245392598106 0.408878938708 1.44571168953	132.0 0.241788404088 0.415870522001 1.40459457234
133.0 0.245876478742 0.407943364521 1.45132066598	133.0 0.242272007369 0.414930049301 1.41004478149
134.0 0.246359193352 0.407010768647 1.4569374499	134.0 0.242754471799 0.413992520709 1.41550257548
135.0 0.246840731634 0.406081164889 1.46256188778	135.0 0.243235786891 0.413057950577 1.42096780513
136.0 0.247321083809 0.405154566008 1.46819382996	136.0 0.243715942683 0.412126352202 1.42644032506
137.0 0.247800240602 0.404230983762 1.47383313049	137.0 0.244194929719 0.411197737864 1.43191999352
138.0 0.248278193231 0.403310428931 1.47947964711	138.0 0.244672739023 0.410272118883 1.43740667224
139.0 0.248754933385 0.402392911369 1.48513324104	139.0 0.245149362094 0.409349505632 1.44290022643
140.0 0.249230453204 0.401478440032 1.49079377692	140.0 0.245624790889 0.408429907581 1.44840052464
141.0 0.249704745276 0.400567023004 1.49646112279	141.0 0.246099017795 0.407513333338 1.45390743858
142.0 0.250177802606 0.399658667549 1.50213514981	142.0 0.246572035627 0.406599790674 1.45942084314
143.0 0.250649618609 0.398753380133 1.50781573229	143.0 0.247043837609 0.405689286554 1.46494061624
144.0 0.251120187104 0.397851166438 1.51350274766	144.0 0.247514417356 0.404781827177 1.47046663872
145.0 0.25158950228 0.396952031424 1.51919607619	145.0 0.24798376887 0.403877417987 1.47599879435
146.0 0.252057558703 0.396055979333 1.52489560108	146.0 0.248451886512 0.402976063725 1.48153696961
147.0 0.252524351292 0.395163013722 1.5306012083	147.0 0.248918765004 0.402077768436 1.48708105372
148.0 0.252989875307 0.394273137495 1.5363127865	148.0 0.249384399412 0.401182535505 1.49263093854
149.0 0.253454126344 0.393386352918 1.54203022698	149.0 0.249848785128 0.400290367681 1.49818651844
150.0 0.253917100316 0.392502661655 1.54775342359	150.0 0.250311917869 0.399401267096 1.50374769031
151.0 0.254378793446 0.391622064783 1.55348227265	151.0 0.250773793656 0.398515235302 1.50931435342
152.0 0.254839202254 0.390744562819 1.55921667287	152.0 0.25123440881 0.397632273278 1.51488640939
153.0 0.255298323549 0.38987015574 1.56495652534	153.0 0.251693759941 0.396752381463 1.52046376209
154.0 0.255756154419 0.388998843003 1.57070173341	154.0 0.252151843935 0.395875559766 1.52604631766
155.0 0.256212692217 0.388130623569 1.57645220262	155.0 0.252608657945 0.395001807606 1.53163398431
156.0 0.256667934558 0.387265495921 1.5822078407	156.0 0.253064199386 0.394131123903 1.53722667242
157.0 0.257121879304 0.386403458081 1.58796855744	157.0 0.253518465923 0.393263507124 1.54282429436
158.0 0.257574524561 0.385544507629 1.59373426469	158.0 0.25397145546 0.392398955286 1.54842676447
159.0 0.258025868666 0.384688641722 1.59950487627	159.0 0.254423166135 0.391537465976 1.55403399904
160.0 0.258475910182 0.38383585711 1.60528030792	160.0 0.25487359631 0.390679036376 1.55964591619
161.0 0.258924647886 0.382986150155 1.61106047724	161.0 0.255322744568 0.389823663262 1.56526243592
162.0 0.259372080768 0.382139516839 1.61684530371	162.0 0.255770609697 0.388971343041 1.57088347996
163.0 0.259818208015 0.381295952792 1.62263470849	163.0 0.256217190691 0.388122071749 1.57650897176
164.0 0.260263029017 0.380455453288 1.62842861459	164.0 0.256662486735 0.38727584508 1.58213883645
165.0 0.260706543342 0.379618013283 1.63422694659	165.0 0.257106497209 0.38643265838 1.58777300085
166.0 0.261148750746 0.378783627407 1.64002963076	166.0 0.257549221667 0.385592506688 1.59341139326
167.0 0.261589651159 0.37795228999 1.64583659495	167.0 0.257990659848 0.384755384719 1.59905394366
168.0 0.262029244677 0.377123995069 1.65164776857	168.0 0.258430811652 0.38392128691 1.60470058341
169.0 0.262467531562 0.376298736403 1.65746308255	169.0 0.258869677146 0.383090207401 1.61035124543
170.0 0.26290451223 0.375476507486 1.66328246924	170.0 0.259307256556 0.382262140062 1.61600586403
171.0 0.263340187251 0.374657301552 1.6691058625	171.0 0.259743550258 0.38143707851 1.62166437491
172.0 0.263774557341 0.373841111591 1.67493319754	172.0 0.260178558778 0.380615016105 1.62732671515
173.0 0.264207623356 0.373027930363 1.68076441093	173.0 0.260612282777 0.379795945975 1.63299282311
174.0 0.264639386285 0.3722177504 1.68659944058	174.0 0.261044723062 0.378979861012 1.63866263851
175.0 0.265069847252 0.371410564022 1.69243822569	175.0 0.261475880566 0.378166753894 1.64433610227
176.0 0.265499007507 0.370606363343 1.69828070673	176.0 0.261905756347 0.377356617093 1.65001315653
177.0 0.265926868419 0.369805140282 1.70412682538	177.0 0.262334351591 0.376549442879 1.65569374464
178.0 0.266353431475 0.369006886574 1.70997652452	178.0 0.262761667599 0.375745223328 1.66137781112
179.0 0.266778698275 0.368211593773 1.7158297482	179.0 0.263187705788 0.374943950336 1.66706530164
180.0 0.267202670528 0.367419253267 1.7216864416	180.0 0.263612467681 0.37414561563 1.67275616291
181.0 0.267625350048 0.366629856279 1.72754655103	181.0 0.26403595491 0.373350210765 1.67845034278
182.0 0.268046738749 0.365843393879 1.73341002388	182.0 0.264458169209 0.372557727139 1.68414779014
183.0 0.268466838642 0.365059856994 1.73927680856	183.0 0.264879112406 0.371768156005 1.68984845487
184.0 0.268885651834 0.364279236403 1.74514685458	184.0 0.265298786432 0.370981488459 1.69555228794
185.0 0.269303180517 0.363501522764 1.75102011237	185.0 0.265717193297 0.370197715483 1.70125924115
186.0 0.269719426974 0.3627267066 1.75689653341	186.0 0.26613433511 0.369416827906 1.7069692674
187.0 0.270134393569 0.361954778321 1.76277607009	187.0 0.266550214058 0.368638816449 1.71268232042
188.0 0.270548082748 0.361185728219 1.76865867578	188.0 0.266964832413 0.367863671707 1.71839835491
189.0 0.270960497031 0.360419546484 1.7745443047	189.0 0.26737819252 0.36709138417 1.72411732643
190.0 0.271371639014 0.3596562232 1.78043291202	190.0 0.267790296804 0.366321944222 1.72983919138
191.0 0.271781511364 0.358895748361 1.78632445374	191.0 0.268201147761 0.365555342146 1.73556390704
192.0 0.272190116817 0.358138111862 1.79221888673	192.0 0.268610747955 0.364791568128 1.74129143152
193.0 0.272597458172 0.357383303523 1.79811616867	193.0 0.269019100018 0.364030612273 1.74702172369
194.0 0.273003538295 0.356631313074 1.80401625808	194.0 0.269426206646 0.363272464594 1.75275474324
195.0 0.273408360108 0.355882130179 1.80991911422	195.0 0.269832070597 0.36251711503 1.75849045063
196.0 0.273811926595 0.355135744426 1.81582469717	196.0 0.270236694688 0.361764553446 1.76422880704
197.0 0.274214240792 0.35439214534 1.8217329677	197.0 0.270640081789 0.36101476964 1.76996977436
198.0 0.274615305791 0.353651322379 1.82764388741	198.0 0.271042234835 0.360267753328 1.77571331534
199.0 0.275015124735 0.35291326495 1.83355741854	199.0 0.271443156802 0.359523494188 1.78145939324
200.0 0.275413700814 0.352177962403 1.83947352406	200.0 0.271842850722 0.358781981829 1.7872079721
201.0 0.275811037267 0.351445404037 1.84539216764	201.0 0.272241319672 0.358043205807 1.79295901663
202.0 0.276207137376 0.35071557911 1.85131331359	202.0 0.272638566779 0.357307155631 1.79871249216
203.0 0.276602004468 0.349988476832 1.85723692692	203.0 0.273034595211 0.356573820762 1.80446836468
204.0 0.276995641908 0.349264086381 1.86316297321	204.0 0.27342940818 0.355843190622 1.8102266008
205.0 0.277388053103 0.348542396895 1.86909141874	205.0 0.273823008935 0.355115254597 1.8159871677
206.0 0.277779241498 0.347823397478 1.87502223039	206.0 0.274215400769 0.354390002027 1.82175003324
207.0 0.278169210568 0.347107077214 1.88095537558	207.0 0.274606587007 0.353667422232 1.82751516577
208.0 0.278557963829 0.346393425148 1.8868908224	208.0 0.27499657101 0.352947504498 1.83328253425
209.0 0.278945504825 0.345682430316 1.89282853943	209.0 0.275385356178 0.352230238076 1.83905210825
210.0 0.279331837132 0.344974081725 1.89876849588	210.0 0.275772945932 0.351515612215 1.84482385775
211.0 0.279716964356 0.344268368366 1.90471066147	211.0 0.276159343735 0.350803616122 1.8505977534
212.0 0.280100890129 0.343565279216 1.91065500647	212.0 0.276544553073 0.350094238997 1.85637376629
213.0 0.280483618112 0.342864803241 1.91660150166	213.0 0.276928577461 0.349387470023 1.86215186805
214.0 0.280865151987 0.342166929396 1.92255011834	214.0 0.277311420438 0.34868329837 1.8679320308
215.0 0.281245495466 0.341471646626 1.92850082835	215.0 0.277693085572 0.347981713197 1.87371422715
216.0 0.281624652276 0.340778943876 1.93445360393	216.0 0.27807357645 0.347282703655 1.87949843017
217.0 0.282002626172 0.340088810082 1.9404084179	217.0 0.278452896686 0.346586258889 1.88528461343
218.0 0.282379420922 0.339401234186 1.94636524348	218.0 0.27883104991 0.345892368043 1.89107275092
219.0 0.282755040321 0.338716205122 1.95232405441	219.0 0.279208039778 0.345201020251 1.89686281713
220.0 0.283129488172 0.338033711838 1.9582848248	220.0 0.27958386996 0.344512204654 1.90265478694
221.0 0.283502768304 0.337353743275 1.96424752929	221.0 0.279958544144 0.343825910398 1.90844863565
222.0 0.283874884556 0.336676288389 1.9702121429	222.0 0.280332066038 0.343142126623 1.91424433905
223.0 0.28424584078 0.336001336145 1.97617864105	223.0 0.280704439362 0.342460842483 1.92004187325
224.0 0.284615640847 0.335328875509 1.98214699966	224.0 0.281075667851 0.341782047138 1.92584121481
225.0 0.284984288636 0.334658895467 1.98811719498	225.0 0.281445755258 0.341105729751 1.93164234072
226.0 0.285351788039 0.333991385017 1.99408920367	226.0 0.281814705342 0.340431879504 1.93744522827
227.0 0.285718142959 0.33332633317 2.00006300279	227.0 0.282182521878 0.339760485587 1.94324985518
228.0 0.286083357309 0.332663728949 2.00603856982	228.0 0.282549208652 0.339091537199 1.94905619957
229.0 0.28644743501 0.332003561403 2.01201588253	229.0 0.282914769458 0.338425023563 1.95486423986
230.0 0.286810379991 0.331345819591 2.01799491912	230.0 0.2832792081 0.337760933914 1.96067395484
231.0 0.287172196189 0.330690492603 2.02397565811	231.0 0.283642528391 0.337099257501 1.96648532368
232.0 0.287532887545 0.330037569541 2.02995807838	232.0 0.284004734152 0.336439983597 1.97229832586
233.0 0.287892458012 0.329387039529 2.0359421592	233.0 0.284365829208 0.335783101493 1.97811294122
234.0 0.288250911542 0.328738891719 2.04192788012	234.0 0.284725817393 0.335128600504 1.98392914988
235.0 0.288608252094 0.328093115285 2.04791522105	235.0 0.285084702547 0.334476469958 1.98974693235
236.0 0.28896448363 0.32744969943 2.0539041622	236.0 0.285442488513 0.333826699217 1.9955662694
237.0 0.289319610114 0.326808633381 2.0598946841	237.0 0.285799179137 0.333179277665 2.00138714211
238.0 0.289673635515 0.32616990639 2.06588676763	238.0 0.286154778271 0.332534194705 2.0072095319
239.0 0.290026563801 0.325533507744 2.07188039391	239.0 0.286509289769 0.331891439772 2.01303342047
240.0 0.290378398945 0.324899426752 2.07787554443	240.0 0.286862717486 0.331251002329 2.01885878977
241.0 0.290729144917 0.324267652757 2.08387220094	241.0 0.287215065283 0.330612871859 2.02468562212
242.0 0.291078805685 0.323638175137 2.08987034542	242.0 0.287566337014 0.329977037888 2.0305139
243.0 0.291427385225 0.323010983291 2.09586996025	243.0 0.287916536541 0.329343489957 2.03634360628
244.0 0.291774887504 0.322386066659 2.101871028	244.0 0.288265667725 0.328712217641 2.04217472406
245.0 0.292121316492 0.321763414711 2.10787353154	245.0 0.288613734423 0.328083210555 2.04800723667
246.0 0.292466676153 0.321143016955 2.11387745399	246.0 0.288960740492 0.327456458336 2.05384112771
247.0 0.292810970454 0.320524862925 2.11988277875	247.0 0.28930668979 0.326831950658 2.05967638105
248.0 0.293154203354 0.319908942197 2.12588948947	248.0 0.289651586172 0.326209677223 2.06551298083
249.0 0.29349637881 0.319295244382 2.13189757003	249.0 0.289995433489 0.325589627775 2.07135091137
250.0 0.293837500779 0.318683759122 2.13790700459	250.0 0.290338235594 0.324971792082 2.07719015732
251.0 0.294177573208 0.318074476103 2.14391777753	251.0 0.290679996329 0.324356159957 2.08303070345
252.0 0.294516600045 0.317467385042 2.14992987348	252.0 0.29102071954 0.323742721238 2.08887253488
253.0 0.294854585228 0.316862475698 2.15594327728	253.0 0.291360409064 0.323131465812 2.09471563683
254.0 0.295191532694 0.316259737862 2.16195797403	254.0 0.291699068736 0.322522383588 2.10055999486
255.0 0.295527446373 0.31565916137 2.16797394906	255.0 0.292036702386 0.321915464522 2.10640559466
256.0 0.295862330185 0.315060736098 2.17399118781	256.0 0.29237331384 0.321310698598 2.11225242223
257.0 0.296196188051 0.314464451953 2.1800096761	257.0 0.292708906915 0.320708075849 2.11810046365
258.0 0.29652902388 0.313870298887 2.18602939987	258.0 0.293043485427 0.320107586334 2.12394970532
259.0 0.296860841576 0.31327826689 2.19205034529	259.0 0.293377053183 0.31950922016 2.12980013378
260.0 0.297191645036 0.312688345998 2.1980724987	260.0 0.293709613982 0.318912967467 2.13565173578
261.0 0.297521438148 0.312100526279 2.20409584669	261.0 0.294041171622 0.318318818435 2.14150449828
262.0 0.297850224792 0.311514797849 2.21012037599	262.0 0.294371729888 0.317726763284 2.14735840841
263.0 0.298178008845 0.310931150859 2.21614607362	263.0 0.294701292563 0.317136792272 2.15321345353
264.0 0.298504794168 0.310349575507 2.22217292666	264.0 0.295029863419 0.316548895699 2.15906962112
265.0 0.298830584618 0.30977006203 2.22820092247	265.0 0.295357446221 0.315963063903 2.16492689889
266.0 0.299155384043 0.309192600706 2.23423004857	266.0 0.295684044728 0.315379287262 2.17078527471
267.0 0.299479196282 0.308617181854 2.24026029267	267.0 0.296009662687 0.314797556201 2.1766447366
268.0 0.299802025163 0.308043795841 2.24629164262	268.0 0.296334303841 0.314217861174 2.18250527282
269.0 0.300123874507 0.30747243307 2.25232408647	269.0 0.296657971921 0.313640192684 2.18836687174
270.0 0.30044474812 0.306903083992 2.25835761241	270.0 0.296980670652 0.313064541273 2.19422952192
271.0 0.300764649807 0.306335739093 2.26439220889	271.0 0.297302403746 0.312490897525 2.20009321206
272.0 0.301083583355 0.305770388912 2.27042786438	272.0 0.29762317491 0.311919252066 2.20595793103
273.0 0.301401552545 0.305207024021 2.27646456764	273.0 0.297942987839 0.311349595559 2.21182366787
274.0 0.301718561147 0.304645635041 2.28250230753	274.0 0.29826184622 0.310781918714 2.21769041178
275.0 0.302034612919 0.304086212635 2.28854107306	275.0 0.298579753727 0.310216212281 2.22355815206
276.0 0.302349711609 0.303528747507 2.29458085342	276.0 0.298896714028 0.309652467051 2.22942687822
277.0 0.302663860955 0.302973230409 2.30062163793	277.0 0.299212730783 0.309090673852 2.23529657992
278.0 0.302977064681 0.302419652133 2.30666341604	278.0 0.299527807632 0.308530823567 2.24116724689
279.0 0.303289326506 0.301868003509 2.31270617745	279.0 0.299841948214 0.307972907108 2.24703886907
280.0 0.30360065013 0.301318275425 2.31874991183	280.0 0.300155156152 0.307416915439 2.25291143648
281.0 0.303911039248 0.300770458797 2.32479460915	281.0 0.300467435062 0.306862839558 2.25878493935
282.0 0.304220497538 0.300224544594 2.33084025942	282.0 0.300778788549 0.306310670508 2.26465936802
283.0 0.304529028671 0.299680523825 2.33688685282	283.0 0.301089220202 0.305760399379 2.2705347129
284.0 0.304836636306 0.29913838754 2.34293437971	284.0 0.301398733606 0.305212017294 2.27641096464
285.0 0.305143324084 0.298598126842 2.34898283046	285.0 0.30170733233 0.304665515427 2.2822881139
286.0 0.305449095642 0.298059732865 2.35503219569	286.0 0.302015019934 0.304120884989 2.28816615155
287.0 0.305753954599 0.297523196797 2.36108246606	287.0 0.302321799966 0.303578117236 2.29404506855
288.0 0.306057904565 0.296988509862 2.36713363243	288.0 0.30262767596 0.303037203466 2.29992485596
289.0 0.306360949138 0.296455663328 2.37318568575	289.0 0.302932651444 0.302498135014 2.30580550506
290.0 0.306663091902 0.295924648513 2.37923861708	290.0 0.303236729928 0.30196090327 2.31168700706
291.0 0.306964336428 0.295395456772 2.38529241759	291.0 0.303539914915 0.301425499652 2.31756935347
292.0 0.307264686277 0.294868079505 2.3913470786	292.0 0.303842209897 0.300891915623 2.32345253586
293.0 0.307564144994 0.294342508156 2.3974025915	293.0 0.304143618347 0.300360142698 2.32933654584
294.0 0.307862716115 0.29381873421 2.40345894788	294.0 0.304444143734 0.299830172422 2.33522137522
295.0 0.308160403161 0.293296749198 2.40951613931	295.0 0.304743789511 0.299301996389 2.34110701587
296.0 0.308457209643 0.29277654469 2.41557415762	296.0 0.305042559119 0.298775606234 2.34699345976
297.0 0.308753139053 0.292258112305 2.42163299459	297.0 0.305340455987 0.298250993631 2.35288069899
298.0 0.309048194877 0.291741443699 2.42769264223	298.0 0.305637483534 0.297728150297 2.35876872577
299.0 0.309342380586 0.291226530571 2.43375309261	299.0 0.305933645165 0.297207067992 2.3646575324
300.0 0.309635699635 0.290713364668 2.43981433788	300.0 0.306228944268 0.29668773852 2.37054711121
301.0 0.30992815547 0.290201937773 2.44587637034	301.0 0.306523384228 0.296170153718 2.37643745477
302.0 0.31021975152 0.289692241718 2.45193918232	302.0 0.306816968412 0.295654305472 2.38232855565
303.0 0.310510491205 0.289184268369 2.45800276633	303.0 0.307109700175 0.295140185707 2.38822040653
304.0 0.310800377931 0.288678009641 2.46406711492	304.0 0.307401582859 0.294627786392 2.39411300016
305.0 0.311089415088 0.28817345749 2.47013222075	305.0 0.307692619794 0.294117099532 2.40000632942
306.0 0.311377606056 0.287670603909 2.47619807658	306.0 0.307982814299 0.293608117174 2.40590038731
307.0 0.311664954199 0.287169440943 2.48226467523	307.0 0.308272169677 0.293100831412 2.41179516682
308.0 0.311951462871 0.286669960666 2.48833200966	308.0 0.308560689225 0.292595234369 2.41769066115
309.0 0.312237135411 0.286172155203 2.49440007289	309.0 0.308848376218 0.292091318223 2.42358686347
