1.0 0.347462579384 0.563827185953 0.773593088298	1.0 0.326433956797 0.575275771473 0.738296743213
2.0 0.347462579391 0.563827185949 0.77359308831	2.0 0.326433956804 0.575275771469 0.738296743225
3.0 0.347462588899 0.563827180955 0.77359310402	3.0 0.326433965605 0.575275766502 0.738296758233
4.0 0.34746300556 0.563826962096 0.773593792467	4.0 0.326434351244 0.57527554889 0.738297415785
5.0 0.347466751013 0.56382499475 0.773599981042	5.0 0.3264378178 0.575273592763 0.738303326592
6.0 0.347481668582 0.563817159353 0.773624628855	6.0 0.326451624566 0.575265802037 0.738326868135
7.0 0.347519147273 0.563797475538 0.773686551267	7.0 0.326486312409 0.57524623042 0.738386011272
8.0 0.347590348288 0.563760087554 0.77380418032	8.0 0.326552211128 0.575209055452 0.738498360763
9.0 0.347703392861 0.56370074562 0.773990912324	9.0 0.32665683648 0.575150051363 0.738676711635
10.0 0.347866695987 0.563615060445 0.774260608314	10.0 0.326807975389 0.57506485347 0.738934302743
11.0 0.348078038032 0.563504238706 0.774609543837	11.0 0.327003571513 0.57495466104 0.739267576665
12.0 0.348338651849 0.563367688049 0.775039678729	12.0 0.32724476313 0.574818884425 0.739678404965
13.0 0.348646945949 0.563206308441 0.775548293783	13.0 0.327530073916 0.574658417749 0.740164189915
14.0 0.349000762183 0.563021304542 0.776131723494	14.0 0.327857502508 0.574474458125 0.740721429571
15.0 0.349397889552 0.56281391421 0.776786207221	15.0 0.328224998166 0.574268235712 0.741346530789
16.0 0.349836380747 0.562585241606 0.777508413027	16.0 0.328630753686 0.574040847822 0.742036309428
17.0 0.35031471457 0.562336172093 0.778295705712	17.0 0.329073355756 0.573793174278 0.742788246408
18.0 0.350831848742 0.562067345286 0.779146232898	18.0 0.32955183385 0.573525850577 0.743600570042
19.0 0.351387201231 0.561779165929 0.78005889262	19.0 0.330065642906 0.57323927868 0.744472225111
20.0 0.351980589936 0.561471836692 0.781033232035	20.0 0.330614607517 0.572933659561 0.745402776241
21.0 0.35261215233 0.561145401358 0.782069313194	21.0 0.33119884755 0.572609036117 0.746392279769
22.0 0.353282259787 0.560799790576 0.783167570325	22.0 0.33181869888 0.572265338603 0.747441147566
23.0 0.353991435961 0.560434865193 0.784328674227	23.0 0.332474637819 0.571902427721 0.748550017499
24.0 0.354740284322 0.560050454486 0.78555341218	24.0 0.333167214117 0.571520132581 0.749719638892
25.0 0.355529427422 0.559646387952 0.786842587619	25.0 0.333896994762 0.571118282303 0.750950776723
26.0 0.356359458366 0.559222520426 0.78819694035	26.0 0.334664519061 0.570696731009 0.752244135394
27.0 0.357230903943 0.558778750855 0.789617086316	27.0 0.335470264589 0.570255376473 0.753600301297
28.0 0.358144198198 0.558315035407 0.791103474888	28.0 0.336314622739 0.569794173176 0.755019701984
29.0 0.359099664987 0.557831395711 0.792656361204	29.0 0.337197882645 0.569313140496 0.756502579809
30.0 0.360097507935 0.557327923097 0.794275790891	30.0 0.338120221881 0.568812366969 0.758048977256
31.0 0.361154569067 0.556796364602 0.795988737667	31.0 0.33909718668 0.568283645279 0.759684636902
32.0 0.362243279669 0.556250809484 0.797750192807	32.0 0.340103298066 0.567740979613 0.761366601866
33.0 0.36337582782 0.555685342486 0.79957958856	33.0 0.341149803176 0.567178486726 0.763113417386
34.0 0.364552211241 0.555100195834 0.801476575768	34.0 0.34223668728 0.566596394697 0.76492474954
35.0 0.365772342577 0.554495650479 0.803440656632	35.0 0.343363856654 0.565994979973 0.766800122588
36.0 0.367036056766 0.553872031373 0.80547119796	36.0 0.344531145439 0.565374562692 0.768738931652
37.0 0.368343118796 0.553229702572 0.807567445043	37.0 0.345738322836 0.564735501835 0.770740455933
38.0 0.369693231559 0.552569062322 0.809728535647	38.0 0.346985100386 0.564078190358 0.77280387204
39.0 0.371086043512 0.55189053829 0.811953513643	39.0 0.348271139088 0.563403050473 0.774928267004
40.0 0.372521156023 0.551194583005 0.814241342047	40.0 0.349596056239 0.562710529112 0.777112650759
41.0 0.373998130303 0.550481669567 0.816590915346	41.0 0.350959431841 0.562001093694 0.779355967845
42.0 0.375516493839 0.549752287664 0.819001070916	42.0 0.352360814591 0.561275228166 0.781657108345
43.0 0.377075746312 0.549006939915 0.821470599541	43.0 0.353799727355 0.56053342939 0.784014917877
44.0 0.378675364967 0.548246138545 0.823998254969	44.0 0.355275672177 0.559776203834 0.786428206756
45.0 0.38031480949 0.547470402372 0.826582762589	45.0 0.356788134801 0.559004064593 0.788895758261
46.0 0.381993526366 0.546680254113 0.829222827194	46.0 0.35833658869 0.558217528727 0.791416335995
47.0 0.383710952736 0.545876217999 0.831917139871	47.0 0.35992049867 0.557417114868 0.793988690564
48.0 0.385471872412 0.545056332373 0.834672749598	48.0 0.361544257266 0.556600867839 0.79661954873
49.0 0.387266224191 0.544225541669 0.837473480082	49.0 0.363198574084 0.555773705166 0.799293472695
50.0 0.389097785548 0.543382334034 0.840324827228	50.0 0.364886914671 0.554934119634 0.802015707124
51.0 0.390966012431 0.542527211059 0.843225518677	51.0 0.366608761005 0.554082607737 0.80478503753
52.0 0.392870366477 0.541660667185 0.846174294318	52.0 0.368363600316 0.553219658958 0.807600261139
53.0 0.394810316684 0.540783188712 0.849169909259	53.0 0.370150926634 0.552345754795 0.810460189688
54.0 0.396785340846 0.539895252967 0.852211136335	54.0 0.371970242131 0.551461367923 0.813363651867
55.0 0.398794926759 0.538997327609 0.855296768233	55.0 0.37382105823 0.550566961513 0.81630949531
56.0 0.400838573192 0.538089870089 0.858425619189	56.0 0.375702896506 0.549662988692 0.819296588225
57.0 0.40291579072 0.537173327196 0.861596526431	57.0 0.377615289465 0.548749892087 0.822323820777
58.0 0.405026102364 0.536248134728 0.864808351281	58.0 0.379557781126 0.547828103506 0.825390106131
59.0 0.407169044128 0.535314717233 0.868059980058	59.0 0.381529927514 0.546898043673 0.828494381298
60.0 0.409344165361 0.534373487854 0.871350324687	60.0 0.383531297024 0.545960122066 0.831635607772
61.0 0.411551029058 0.533424848219 0.874678323177	61.0 0.385561470654 0.545014736823 0.834812771906
62.0 0.413789212062 0.5324691884 0.87804293992	62.0 0.387620042226 0.544062274682 0.838024885265
63.0 0.416058305143 0.531506886938 0.881443165791	63.0 0.38970661844 0.543103111012 0.841270984687
64.0 0.418357913074 0.530538310884 0.884878018202	64.0 0.391820818938 0.542137609855 0.844550132331
65.0 0.4206876546 0.529563815904 0.888346540997	65.0 0.393962276289 0.541166124016 0.8478614156
66.0 0.423047162362 0.528583746408 0.891847804242	66.0 0.396130635895 0.540188995203 0.851203946917
67.0 0.4254360828 0.527598435699 0.895380903991	67.0 0.398325555918 0.539206554158 0.854576863519
68.0 0.427854075988 0.526608206164 0.898944961918	68.0 0.400546707099 0.538219120862 0.857979327078
69.0 0.43030081546 0.525613369467 0.902539124935	69.0 0.402793772633 0.5372270047 0.861410523396
70.0 0.432775988023 0.524614226758 0.906162564785	70.0 0.405066447948 0.536230504687 0.864869661944
71.0 0.435279293504 0.523611068914 0.909814477518	71.0 0.407364440483 0.535229909702 0.868355975393
72.0 0.437810444545 0.522604176757 0.913494083047	72.0 0.409687469504 0.534225498691 0.871868719202
73.0 0.440369166296 0.521593821326 0.917200624535	73.0 0.412035265814 0.533217540941 0.875407171031
74.0 0.44295519622 0.520580264096 0.920933367953	74.0 0.414407571549 0.532206296299 0.878970630287
75.0 0.44556828376 0.519563757258 0.924691601426	75.0 0.416804139885 0.531192015443 0.882558417535
76.0 0.448208190097 0.518544543962 0.928474634715	76.0 0.41922473481 0.530174940117 0.886169874005
77.0 0.450874687862 0.517522858576 0.932281798629	77.0 0.421669130825 0.5291553034 0.889804360977
78.0 0.453567560867 0.516498926939 0.936112444467	78.0 0.424137112729 0.528133329941 0.893461259322
79.0 0.456286603796 0.515472966629 0.939965943394	79.0 0.42662847532 0.527109236219 0.897139968885
80.0 0.459031621972 0.514445187196 0.943841685935	80.0 0.429143023119 0.526083230803 0.900839907924
81.0 0.461802431039 0.513415790427 0.947739081357	81.0 0.431680570175 0.525055514567 0.904560512662
82.0 0.464598856712 0.512384970587 0.951657557118	82.0 0.434240939744 0.524026280962 0.908301236655
83.0 0.467420734504 0.51135291466 0.955596558329	83.0 0.436823964042 0.522995716248 0.912061550281
84.0 0.470267909478 0.51031980258 0.959555547216	84.0 0.439429484056 0.521963999707 0.915840940296
85.0 0.473140235969 0.509285807474 0.963534002568	85.0 0.442057349222 0.520931303902 0.919638909217
86.0 0.476037577329 0.508251095886 0.967531419201	86.0 0.444707417255 0.519897794874 0.923454974918
87.0 0.478959805724 0.507215827989 0.971547307513	87.0 0.447379553883 0.518863632373 0.9272886701
88.0 0.48190680183 0.506180157817 0.975581192896	88.0 0.450073632607 0.517828970078 0.931139541786
89.0 0.484878454661 0.505144233459 0.979632615327	89.0 0.452789534521 0.516793955786 0.935007150922
90.0 0.48787466131 0.504108197275 0.983701128858	90.0 0.455527148081 0.515758731623 0.938891071902
91.0 0.490895326751 0.503072186084 0.987786301177	91.0 0.458286368886 0.514723434244 0.942790892099
92.0 0.493940363593 0.502036331373 0.991887713118	92.0 0.461067099476 0.513688195021 0.946706211456
93.0 0.497009691911 0.501000759468 0.996004958278	93.0 0.463869249177 0.512653140216 0.950636642113
94.0 0.500103239038 0.499965591724 1.00013764258	94.0 0.466692733867 0.511618391174 0.954581807949
95.0 0.503220939377 0.498930944691 1.00428538386	95.0 0.469537475808 0.510584064491 0.958541344208
96.0 0.506362734177 0.497896930306 1.00844781145	96.0 0.472403403485 0.509550272182 0.962514897141
97.0 0.509528571417 0.496863656031 1.01262456584	97.0 0.475290451414 0.508517121843 0.966502123616
98.0 0.512718405608 0.495831225025 1.01681529829	98.0 0.478198559993 0.507484716808 0.970502690779
99.0 0.515932197595 0.494799736307 1.02101967043	99.0 0.481127675343 0.5064531563 0.974516275712
100.0 0.519169914443 0.493769284886 1.02523735398	100.0 0.48407774915 0.505422535579 0.978542565092
101.0 0.522431529292 0.492739961912 1.0294680304	101.0 0.48704873852 0.504392946084 0.982581254879
102.0 0.52571702115 0.491711854823 1.0337113905	102.0 0.49004060584 0.503364475571 0.986632049998
103.0 0.529026374805 0.49068504747 1.03796713423	103.0 0.493053318662 0.502337208234 0.99069466408
104.0 0.532359580671 0.489659620247 1.04223497028	104.0 0.496086849511 0.501311224857 0.994768819083
105.0 0.535716634653 0.488635650221 1.04651461584	105.0 0.499141175831 0.500286602912 0.998854245107
106.0 0.539097538039 0.487613211246 1.05080579635	106.0 0.502216279837 0.499263416687 1.00295068009
107.0 0.542502297366 0.486592374083 1.05510824514	107.0 0.505312148384 0.498241737408 1.00705786954
108.0 0.545930924309 0.48557320651 1.05942170324	108.0 0.508428772872 0.497221633338 1.01117556629
109.0 0.549383435579 0.484555773431 1.06374591911	109.0 0.511566149148 0.496203169889 1.01530353025
110.0 0.552859852791 0.483540136984 1.06808064835	110.0 0.514724277366 0.495186409729 1.01944152819
111.0 0.556360202413 0.482526356632 1.07242565356	111.0 0.517903161943 0.494171412871 1.02358933349
112.0 0.559884515609 0.481514489271 1.07678070397	112.0 0.521102811425 0.493158236777 1.02774672595
113.0 0.563432828221 0.48050458931 1.0811455754	113.0 0.524323238422 0.492146936442 1.03191349159
114.0 0.567005180606 0.479496708773 1.08552004988	114.0 0.527564459498 0.491137564493 1.03608942238
115.0 0.570601617604 0.478490897383 1.08990391556	115.0 0.530826495092 0.490130171272 1.04027431612
116.0 0.574222188432 0.47748720264 1.09429696644	116.0 0.534109369478 0.489124804904 1.04446797622
117.0 0.57786694664 0.476485669903 1.09869900223	117.0 0.537413110624 0.488121511402 1.04867021149
118.0 0.581535949987 0.475486342476 1.10310982812	118.0 0.540737750189 0.487120334719 1.05288083606
119.0 0.585229260442 0.474489261668 1.10752925469	119.0 0.544083323398 0.486121316838 1.05709966908
120.0 0.588946944042 0.473494466881 1.11195709759	120.0 0.54744986901 0.485124497835 1.06132653466
121.0 0.592689070902 0.472501995664 1.11639317755	121.0 0.550837429245 0.484129915952 1.06556126166
122.0 0.59645571511 0.471511883791 1.12083732007	122.0 0.554246049717 0.483137607659 1.06980368356
123.0 0.600246954694 0.47052416532 1.12528935537	123.0 0.557675779405 0.482147607717 1.07405363833
124.0 0.604062871555 0.469538872658 1.12974911819	124.0 0.561126670557 0.481159949248 1.07831096824
125.0 0.607903551433 0.468556036616 1.13421644767	125.0 0.564598778646 0.480174663792 1.08257551972
126.0 0.611769083848 0.467575686474 1.13869118718	126.0 0.568092162408 0.479191781337 1.08684714335
127.0 0.615659562071 0.466597850027 1.14317318424	127.0 0.571606883638 0.478211330423 1.09112569356
128.0 0.619575083069 0.465622553648 1.14766229034	128.0 0.575143007284 0.477233338154 1.09541102863
129.0 0.623515747467 0.464649822334 1.15215836084	129.0 0.578700601325 0.476257830271 1.09970301051
130.0 0.627481659533 0.463679679755 1.15666125487	130.0 0.582279736779 0.475284831186 1.10400150475
131.0 0.63147292712 0.462712148305 1.16117083518	131.0 0.585880487654 0.474314364038 1.10830638036
132.0 0.635489661641 0.461747249146 1.16568696803	132.0 0.589502930866 0.473346450746 1.1126175097
133.0 0.639531978055 0.460785002255 1.17020952311	133.0 0.593147146288 0.472381112034 1.1169347684
134.0 0.643599994822 0.459825426462 1.17473837342	134.0 0.596813216652 0.47141836749 1.12125803524
135.0 0.647693833887 0.458868539498 1.17927339515	135.0 0.600501227552 0.470458235598 1.12558719209
136.0 0.65181362068 0.457914358023 1.18381446766	136.0 0.604211267407 0.469500733781 1.12992212376
137.0 0.655959484029 0.456962897685 1.18836147325	137.0 0.607943427448 0.468545878436 1.13426271796
138.0 0.660131556235 0.456014173133 1.19291429722	138.0 0.61169780167 0.467593684975 1.1386088652
139.0 0.664329972979 0.45506819807 1.19747282768	139.0 0.615474486829 0.466644167856 1.1429604587
140.0 0.668554873337 0.454124985281 1.20203695549	140.0 0.619273582404 0.465697340625 1.14731739429
141.0 0.672806399797 0.453184546663 1.20660657422	141.0 0.623095190606 0.464753215935 1.15167957039
142.0 0.677084698171 0.452246893266 1.21118157999	142.0 0.626939416354 0.463811805586 1.15604688789
143.0 0.68138991769 0.451312035313 1.21576187151	143.0 0.630806367217 0.462873120562 1.16041925007
144.0 0.685722210919 0.450379982234 1.2203473499	144.0 0.634696153472 0.461937171044 1.16479656257
145.0 0.690081733741 0.449450742707 1.22493791862	145.0 0.638608888013 0.461003966457 1.16917873329
146.0 0.694468645447 0.44852432466 1.22953348351	146.0 0.642544686417 0.460073515482 1.17356567233
147.0 0.698883108653 0.447600735317 1.23413395264	147.0 0.646503666856 0.459145826093 1.17795729193
148.0 0.703325289274 0.44667998123 1.23873923619	148.0 0.650485950164 0.458220905574 1.18235350643
149.0 0.707795356658 0.445762068271 1.24334924656	149.0 0.654491659782 0.457298760549 1.18675423218
150.0 0.71229348344 0.444847001696 1.24796389812	150.0 0.65852092174 0.45637939701 1.19115938745
151.0 0.716819845622 0.443934786143 1.25258310728	151.0 0.662573864709 0.455462820327 1.1955688925
152.0 0.72137462259 0.443025425659 1.25720679239	152.0 0.666650619929 0.454549035285 1.19998266936
153.0 0.725957997061 0.442118923729 1.26183487367	153.0 0.670751321277 0.45363804609 1.20440064192
154.0 0.730570155183 0.441215283281 1.26646727322	154.0 0.674876105213 0.452729856403 1.20882273581
155.0 0.735211286431 0.440314506728 1.27110391486	155.0 0.679025110776 0.451824469355 1.21324887833
156.0 0.739881583717 0.439416595969 1.2757447242	156.0 0.683198479648 0.450921887561 1.21767899848
157.0 0.744581243343 0.438521552417 1.28038962849	157.0 0.687396356065 0.450022113151 1.22211302684
158.0 0.749310465058 0.437629377012 1.28503855666	158.0 0.691618886913 0.44912514777 1.22655089559
159.0 0.754069452039 0.43674007024 1.28969143923	159.0 0.695866221646 0.448230992617 1.23099253838
160.0 0.758858410896 0.43585363216 1.29434820824	160.0 0.700138512347 0.447339648444 1.23543789038
161.0 0.763677551774 0.434970062395 1.29900879728	161.0 0.704435913746 0.446451115575 1.2398868882
162.0 0.768527088273 0.434089360174 1.3036731414	162.0 0.708758583148 0.445565393933 1.24433946984
163.0 0.773407237517 0.433211524334 1.30834117707	163.0 0.713106680546 0.444682483039 1.24879557469
164.0 0.778318220179 0.432336553336 1.31301284216	164.0 0.717480368532 0.443802382042 1.25325514343
165.0 0.783260260468 0.431464445284 1.31768807588	165.0 0.721879812388 0.442925089718 1.25771811806
166.0 0.788233586223 0.430595197929 1.32236681879	166.0 0.726305180046 0.442050604496 1.26218444185
167.0 0.793238428852 0.429728808693 1.32704901271	167.0 0.730756642094 0.441178924468 1.26665405925
168.0 0.798275023438 0.428865274673 1.33173460072	168.0 0.735234371859 0.440310047391 1.27112691596
169.0 0.803343608723 0.428004592658 1.33642352711	169.0 0.739738545339 0.439443970716 1.27560295883
170.0 0.808444427153 0.42714675914 1.3411157374	170.0 0.744269341256 0.438580691589 1.2800821358
171.0 0.813577724877 0.426291770328 1.34581117818	171.0 0.748826941053 0.437720206868 1.28456439595
172.0 0.818743751849 0.42543962215 1.35050979724	172.0 0.75341152896 0.436862513125 1.28904968945
173.0 0.823942761796 0.424590310275 1.35521154346	173.0 0.758023291945 0.436007606668 1.29353796747
174.0 0.829175012271 0.423743830118 1.35991636674	174.0 0.762662419754 0.435155483548 1.29802918223
175.0 0.834440764728 0.422900176846 1.36462421808	175.0 0.767329105004 0.434306139555 1.30252328697
176.0 0.839740284496 0.422059345394 1.36933504947	176.0 0.772023543046 0.433459570257 1.30702023584
177.0 0.845073840847 0.421221330477 1.37404881388	177.0 0.776745932139 0.432615770982 1.31151998396
178.0 0.850441707078 0.420386126584 1.37876546528	178.0 0.781496473416 0.431774736834 1.3160224874
179.0 0.855844160446 0.419553728008 1.38348495852	179.0 0.786275370865 0.430936462712 1.3205277031
180.0 0.861281482357 0.418724128834 1.38820724945	180.0 0.791082831432 0.430100943305 1.32503558889
181.0 0.86675395825 0.417897322964 1.39293229472	181.0 0.795919064954 0.429268173115 1.32954610342
182.0 0.872261877799 0.417073304109 1.39766005195	182.0 0.80078428429 0.428438146443 1.33405920622
183.0 0.877805534822 0.416252065813 1.40239047954	183.0 0.805678705239 0.427610857422 1.33857485759
184.0 0.883385227418 0.415433601448 1.40712353674	184.0 0.810602546661 0.426786300005 1.34309301866
185.0 0.889001258009 0.414617904222 1.41185918364	185.0 0.815556030452 0.425964467979 1.34761365131
186.0 0.894653933337 0.413804967195 1.41659738108	186.0 0.820539381572 0.425145354975 1.35213671818
187.0 0.900343564568 0.412994783276 1.42133809068	187.0 0.825552828126 0.424328954466 1.35666218267
188.0 0.906070467314 0.412187345236 1.42608127483	188.0 0.830596601297 0.423515259788 1.36119000883
189.0 0.911834961752 0.411382645705 1.43082689666	189.0 0.835670935481 0.42270426413 1.36572016149
190.0 0.917637372548 0.410580677193 1.43557491998	190.0 0.840776068289 0.421895960547 1.37025260613
191.0 0.923478029062 0.409781432082 1.44032530932	191.0 0.84591224054 0.421090341967 1.37478730889
192.0 0.929357265343 0.408984902633 1.44507802993	192.0 0.851079696331 0.420287401198 1.37932423658
193.0 0.935275420143 0.408191081004 1.44983304765	193.0 0.85627868309 0.419487130925 1.38386335666
194.0 0.941232837061 0.407399959241 1.45459032903	194.0 0.861509451519 0.418689523732 1.38840463713
195.0 0.94722986462 0.406611529282 1.45934984128	195.0 0.866772255803 0.417894572081 1.39294804673
196.0 0.953266856178 0.405825782982 1.46411155214	196.0 0.872067353483 0.417102268342 1.3974935547
197.0 0.959344170218 0.405042712089 1.46887543005	197.0 0.877395005549 0.41631260479 1.40204113086
198.0 0.965462170209 0.404262308277 1.473641444	198.0 0.882755476539 0.415525573598 1.40659074565
199.0 0.971621224825 0.403484563128 1.47840956355	199.0 0.888149034493 0.414741166857 1.41114237002
200.0 0.977821707952 0.402709468146 1.48317975885	200.0 0.893575951064 0.413959376573 1.41569597548
201.0 0.984063998778 0.401937014762 1.48795200062	201.0 0.899036501474 0.413180194676 1.42025153404
202.0 0.990348481799 0.401167194342 1.49272626003	202.0 0.904530964688 0.412403613012 1.42480901827
203.0 0.996675547092 0.400399998169 1.49750250892	203.0 0.910059623372 0.411629623359 1.42936840123
204.0 1.00304559016 0.399635417476 1.50228071955	204.0 0.915622763915 0.410858217431 1.43392965645
205.0 1.00945901211 0.398873443437 1.50706086468	205.0 0.921220676555 0.410089386871 1.43849275796
206.0 1.01591621982 0.398114067159 1.51184291763	206.0 0.926853655363 0.409323123267 1.44305768025
207.0 1.02241762587 0.397357279707 1.51662685213	207.0 0.932521998398 0.408559418137 1.44762439833
208.0 1.02896364876 0.39660307209 1.52141264244	208.0 0.93822600754 0.407798262965 1.45219288755
209.0 1.03555471289 0.395851435275 1.52620026325	209.0 0.9439659888 0.407039649168 1.4567631238
210.0 1.04219124876 0.395102360181 1.53098968972	210.0 0.949742252228 0.406283568118 1.46133508336
211.0 1.04887369295 0.39435583769 1.53578089742	211.0 0.955555111962 0.405530011146 1.46590874292
212.0 1.05560248833 0.393611858644 1.5405738624	212.0 0.961404886336 0.404778969538 1.4704840796
213.0 1.06237808406 0.392870413852 1.54536856109	213.0 0.967291897936 0.404030434539 1.47506107093
214.0 1.06920093576 0.392131494087 1.55016497037	214.0 0.973216473645 0.403284397357 1.47963969485
215.0 1.07607150552 0.391395090098 1.5549630675	215.0 0.979178944633 0.402540849173 1.48421992961
216.0 1.08299026211 0.390661192606 1.55976283011	216.0 0.985179646559 0.401799781127 1.48880175394
217.0 1.08995768102 0.389929792303 1.56456423628	217.0 0.991218919491 0.401061184337 1.49338514684
218.0 1.09697424465 0.389200879857 1.56936726445	218.0 0.997297108098 0.400325049888 1.49797008776
219.0 1.10404044225 0.388474445925 1.57417189339	219.0 1.00341456162 0.399591368843 1.50255655645
220.0 1.11115677021 0.387750481137 1.57897810228	220.0 1.00957163398 0.39886013224 1.50714453306
221.0 1.11832373213 0.38702897611 1.58378587064	221.0 1.01576868378 0.398131331105 1.51173399798
222.0 1.12554183881 0.386309921451 1.58859517831	222.0 1.02200607452 0.397404956435 1.51632493206
223.0 1.13281160863 0.385593307743 1.59340600555	223.0 1.02828417449 0.396680999218 1.52091731636
224.0 1.14013356739 0.384879125573 1.59821833286	224.0 1.03460335697 0.395959450427 1.52551113232
225.0 1.14750824861 0.384167365514 1.60303214112	225.0 1.04096400029 0.395240301014 1.53010636171
226.0 1.15493619366 0.383458018127 1.60784741153	226.0 1.04736648777 0.394523541935 1.53470298653
227.0 1.16241795176 0.382751073976 1.61266412557	227.0 1.05381120805 0.39380916412 1.53930098918
228.0 1.16995408031 0.382046523617 1.61748226507	228.0 1.06029855489 0.393097158507 1.54390035226
229.0 1.1775451448 0.381344357608 1.62230181213	229.0 1.06682892746 0.392387516017 1.54850105872
230.0 1.18519171921 0.3806445665 1.62712274917	230.0 1.07340273028 0.391680227576 1.55310309175
231.0 1.19289438587 0.379947140855 1.63194505886	231.0 1.08002037345 0.390975284096 1.55770643485
232.0 1.2006537359 0.379252071228 1.6367687242	232.0 1.08668227256 0.390272676499 1.56231107176
233.0 1.20847036915 0.378559348182 1.64159372844	233.0 1.0933888489 0.389572395702 1.56691698651
234.0 1.21634489438 0.377868962287 1.64642005511	234.0 1.10014052956 0.38887443262 1.57152416337
235.0 1.2242779295 0.377180904121 1.65124768798	235.0 1.10693774738 0.388178778181 1.57613258686
236.0 1.23227010174 0.376495164262 1.65607661113	236.0 1.11378094124 0.387485423304 1.58074224179
237.0 1.24032204766 0.375811733306 1.66090680885	237.0 1.12067055597 0.386794358924 1.58535311317
238.0 1.24843441353 0.375130601851 1.66573826573	238.0 1.12760704259 0.386105575976 1.58996518627
239.0 1.25660785533 0.374451760514 1.67057096654	239.0 1.1345908583 0.385419065406 1.59457844657
240.0 1.26484303898 0.373775199922 1.67540489634	240.0 1.14162246664 0.384734818167 1.59919287982
241.0 1.27314064066 0.373100910707 1.68024004043	241.0 1.14870233758 0.384052825224 1.60380847197
242.0 1.28150134669 0.37242888353 1.6850763843	242.0 1.15583094763 0.38337307755 1.60842520917
243.0 1.28992585404 0.371759109056 1.68991391371	243.0 1.16300877996 0.382695566128 1.61304307787
244.0 1.29841487035 0.371091577968 1.69475261464	244.0 1.17023632442 0.38202028196 1.61766206462
245.0 1.30696911409 0.370426280973 1.69959247323	245.0 1.17751407781 0.381347216055 1.62228215626
246.0 1.31558931494 0.369763208787 1.7044334759	246.0 1.18484254384 0.380676359441 1.6269033398
247.0 1.32427621384 0.369102352149 1.70927560927	247.0 1.19222223334 0.380007703158 1.63152560248
248.0 1.33303056325 0.368443701816 1.71411886014	248.0 1.19965366432 0.379341238266 1.63614893169
249.0 1.34185312737 0.36778724857 1.71896321552	249.0 1.20713736214 0.378676955839 1.64077331504
250.0 1.35074468241 0.367132983205 1.72380866266	250.0 1.21467385962 0.37801484697 1.64539874033
251.0 1.35970601671 0.366480896545 1.72865518893	251.0 1.22226369717 0.377354902767 1.65002519556
252.0 1.36873793109 0.36583097943 1.73350278196	252.0 1.22990742286 0.376697114362 1.65465266888
253.0 1.37784123896 0.365183222732 1.73835142951	253.0 1.23760559267 0.376041472903 1.65928114864
254.0 1.38701676674 0.364537617335 1.74320111958	254.0 1.24535877053 0.37538796956 1.66391062338
255.0 1.39626535392 0.363894154155 1.7480518403	255.0 1.25316752842 0.374736595526 1.66854108176
256.0 1.40558785347 0.36325282413 1.75290358002	256.0 1.26103244666 0.374087342012 1.67317251266
257.0 1.41498513197 0.362613618224 1.75775632724	257.0 1.26895411394 0.373440200253 1.6778049051
258.0 1.42445806999 0.361976527427 1.76261007062	258.0 1.27693312751 0.372795161505 1.6824382483
259.0 1.43400756233 0.361341542754 1.76746479903	259.0 1.28497009331 0.372152217048 1.68707253159
260.0 1.44363451826 0.360708655249 1.77232050145	260.0 1.29306562603 0.371511358193 1.69170774445
261.0 1.45333986182 0.360077855984 1.77717716706	261.0 1.30122034954 0.370872576263 1.69634387659
262.0 1.46312453225 0.35944913605 1.7820347852	262.0 1.30943489679 0.37023586261 1.70098091781
263.0 1.472989484 0.35882248658 1.78689334532	263.0 1.31770991 0.369601208619 1.70561885806
264.0 1.48293568743 0.358197898722 1.7917528371	264.0 1.32604604102 0.368968605688 1.71025768747
265.0 1.49296412869 0.357575363666 1.79661325028	265.0 1.33444395123 0.368338045252 1.71489739626
266.0 1.50307581049 0.356954872618 1.80147457483	266.0 1.34290431195 0.367709518766 1.71953797486
267.0 1.5132717521 0.356336416821 1.80633680083	267.0 1.35142780451 0.367083017712 1.72417941378
268.0 1.52355298978 0.355719987551 1.81119991847	268.0 1.3600151204 0.366458533603 1.7288217037
269.0 1.53392057725 0.355105576107 1.81606391813	269.0 1.36866696155 0.365836057975 1.73346483541
270.0 1.54437558593 0.354493173821 1.82092879031	270.0 1.37738404041 0.365215582398 1.73810879984
271.0 1.55491910532 0.353882772057 1.82579452565	271.0 1.38616708028 0.364597098463 1.74275358805
272.0 1.56555224341 0.353274362212 1.83066111489	272.0 1.39501681544 0.363980597791 1.74739919124
273.0 1.57627612712 0.352667935706 1.83552854897	273.0 1.40393399127 0.363366072038 1.75204560071
274.0 1.58709190246 0.352063484004 1.84039681886	274.0 1.4129193646 0.362753512883 1.75669280789
275.0 1.59800073531 0.35146099859 1.84526591574	275.0 1.42197370392 0.362142912033 1.76134080434
276.0 1.60900381155 0.350860470987 1.85013583088	276.0 1.43109778946 0.361534261228 1.76598958174
277.0 1.62010233762 0.350261892747 1.85500655569	277.0 1.44029241353 0.360927552239 1.77063913186
278.0 1.63129754086 0.349665255457 1.85987808166	278.0 1.44955838074 0.360322776861 1.77528944662
279.0 1.64259067002 0.349070550738 1.86475040042	279.0 1.45889650814 0.359719926928 1.779940518
280.0 1.65398299585 0.348477770237 1.86962350373	280.0 1.46830762568 0.359118994293 1.78459233817
281.0 1.66547581136 0.347886905639 1.87449738346	281.0 1.47779257616 0.35851997085 1.78924489932
282.0 1.67707043236 0.347297948664 1.87937203155	282.0 1.48735221573 0.357922848518 1.79389819382
283.0 1.6887681981 0.346710891061 1.8842474401	283.0 1.496987414 0.357327619248 1.79855221409
284.0 1.70057047169 0.346125724613 1.88912360131	284.0 1.50669905438 0.356734275021 1.80320695268
285.0 1.71247864054 0.345542441139 1.89400050745	285.0 1.5164880343 0.356142807854 1.80786240224
286.0 1.72449411715 0.344961032485 1.89887815095	286.0 1.52635526549 0.35555320979 1.81251855549
287.0 1.73661833927 0.344381490543 1.90375652426	287.0 1.53630167441 0.354965472902 1.81717540533
288.0 1.74885277095 0.343803807226 1.90863562003	288.0 1.54632820223 0.354379589302 1.82183294464
289.0 1.76119890283 0.343227974487 1.91351543095	289.0 1.55643580545 0.353795551126 1.82649116649
290.0 1.7736582527 0.342653984313 1.9183959498	290.0 1.56662545597 0.353213350547 1.83115006398
291.0 1.7862323664 0.342081828721 1.92327716949	291.0 1.57689814158 0.352632979766 1.83580963035
292.0 1.79892281814 0.341511499769 1.928159083	292.0 1.58725486612 0.35205443102 1.84046985889
293.0 1.81173121141 0.340942989543 1.93304168342	293.0 1.59769664994 0.351477696572 1.84513074301
294.0 1.82465917945 0.340376290167 1.93792496389	294.0 1.60822453016 0.350902768722 1.8497922762
295.0 1.83770838621 0.339811393793 1.94280891773	295.0 1.61883956101 0.3503296398 1.85445445202
296.0 1.85088052671 0.339248292616 1.94769353823	296.0 1.62954281414 0.349758302173 1.85911726409
297.0 1.8641773281 0.338686978858 1.95257881886	297.0 1.64033537921 0.349188748231 1.86378070618
298.0 1.87760055023 0.338127444778 1.95746475314	298.0 1.65121836393 0.348620970404 1.8684447721
299.0 1.89115198638 0.337569682672 1.96235133465	299.0 1.66219289473 0.348054961148 1.87310945577
300.0 1.90483346432 0.337013684865 1.9672385571	300.0 1.67326011691 0.347490712957 1.87777475113
301.0 1.91864684689 0.336459443717 1.97212641427	301.0 1.6844211952 0.346928218356 1.88244065225
302.0 1.93259403281 0.335906951628 1.97701489997	302.0 1.69567731411 0.346367469899 1.88710715326
303.0 1.94667695781 0.335356201026 1.98190400816	303.0 1.70702967833 0.345808460176 1.89177424835
304.0 1.96089759524 0.334807184378 1.98679373281	304.0 1.71847951319 0.34525118181 1.8964419318
305.0 1.97525795736 0.334259894175 1.99168406807	305.0 1.73002806516 0.34469562745 1.90111019799
306.0 1.98976009569 0.333714322958 1.99657500803	306.0 1.74167660213 0.344141789787 1.90577904131
307.0 2.00440610263 0.33317046329 2.00146654696	307.0 1.75342641409 0.343589661532 1.91044845628
308.0 2.01919811203 0.332628307774 2.00635867913	308.0 1.76527881343 0.34303923544 1.91511843745
309.0 2.03413830046 0.332087849042 2.01125139894	309.0 1.77723513545 0.342490504294 1.91978897944
