-0.0 0.0793025817755 0.557777145888
-0.5 0.081342045612 0.55151033012
-1.0 0.0836543628856 0.544575320059
-1.5 0.086346064498 0.536722752823
-2.0 0.0896097032519 0.527508222783
-2.5 0.0938479720993 0.516024992334
-3.0 0.100126523815 0.49998436261
-3.5 0.112975295666 0.47079555995
-4.0 0.22062666826 0.477274315847
-4.5 0.402977058694 0.544326879738
-5.0 0.493152668008 0.541877682136
-5.5 0.550864729895 0.535812667377
-6.0 0.591585848548 0.528594859146
-6.5 0.621994715134 0.520595179514
-7.0 0.64567162599 0.511854879084
-7.5 0.664789521749 0.502313354556
-8.0 0.680792654873 0.491852857007
-8.5 0.694725032599 0.48030205857
-9.0 0.707417339184 0.467422230398
-9.5 0.719617951124 0.45287717758
-10.0 0.73211888087 0.436177532017
-10.5 0.745934201176 0.416574491787
-11.0 0.762655116541 0.392839209139
-11.5 0.785379247098 0.362741444518
-12.0 0.82200053111 0.321550092558
-12.5 0.904744740659 0.256085752538
-13.0 1.63462782468 0.233994552433
-13.5 3.24734964714 0.667254143304
-14.0 4.1565285221 0.725679583693
-14.5 4.81542111148 0.737547422266
-15.0 5.33555052835 0.737614453766
-15.5 5.76410577804 0.732697849183
-16.0 6.12659827094 0.724730234211
-16.5 6.43881092557 0.714243398933
-17.0 6.7114041024 0.701167439313
-17.5 6.95206956359 0.68500959817
-18.0 7.16670748158 0.664781041142
-18.5 7.36022015885 0.638663448363
-19.0 7.53735072034 0.603090283378
-19.5 7.70462333083 0.549842663444
-20.0 7.88161224889 0.452958381797
-20.5 8.42821463094 0.566026793533
-21.0 9.18755021015 0.930259053711
-21.5 9.68145034253 0.973226208889
-22.0 10.0702898414 0.986560958752
-22.5 10.3963023127 0.992583816159
-23.0 10.6782746049 0.995876699088
-23.5 10.9267311911 0.997897631615
-24.0 11.1483840845 0.999237324004
-24.5 11.3478850081 1.00017531683
-25.0 11.528648626 1.00085915192
-25.5 11.6932885702 1.00137329055
-26.0 11.8438694859 1.00176922338
-26.5 11.9820628081 1.00207995796
-27.0 12.1092482716 1.00232753961
-27.5 12.2265829603 1.00252720322
-28.0 12.3350499703 1.0026897848
-28.5 12.4354937406 1.00282318377
-29.0 12.528646359 1.00293328232
-29.5 12.6151475782 1.00302454247
-30.0 12.6955603314 1.00310040427
-30.5 12.7703829586 1.0031635583
-31.0 12.840058979 1.00321613589
-31.5 12.9049850008 1.00325984475
-32.0 12.9655171965 1.00329606723
-32.5 13.021976656 1.00332593266
-33.0 13.0746538526 1.00335037145
-33.5 13.1238123987 1.0033701559
-34.0 13.1696922276 1.00338593155
-34.5 13.2125123064 1.00339824144
-35.0 13.2524729639 1.00340754495
-35.5 13.2897578992 1.00341423284
-36.0 13.3245359221 1.00341863912
-36.5 13.3569624711 1.00342105055
-37.0 13.3871809395 1.00342171439
-37.5 13.4153238423 1.00342084467
-38.0 13.4415138434 1.00341862727
-38.5 13.4658646656 1.00341522423
-39.0 13.4884818979 1.00341077721
-39.5 13.509463714 1.00340541042
-40.0 13.5289015145 1.00339923302
-40.5 13.5468805016 1.00339234126
-41.0 13.5634801945 1.00338482013
-41.5 13.5787748938 1.0033767449
-42.0 13.5928340996 1.00336818232
-42.5 13.60572289 1.0033591917
-43.0 13.6175022633 1.00334982585
-43.5 13.6282294486 1.00334013187
-44.0 13.6379581882 1.00333015179
-44.5 13.6467389946 1.00331992321
-45.0 13.6546193853 1.00330947979
-45.5 13.6616440965 1.00329885171
-46.0 13.6678552795 1.00328806602
-46.5 13.6732926797 1.00327714703
-47.0 13.677993802 1.00326611658
-47.5 13.6819940619 1.00325499434
-48.0 13.6853269243 1.00324379796
-48.5 13.6880240326 1.00323254338
-49.0 13.6901153263 1.00322124493
-49.5 13.6916291505 1.00320991554
-50.0 13.692592357 1.00319856685
-50.5 13.6930303974 1.00318720935
-51.0 13.6929674098 1.00317585249
-51.5 13.6924262992 1.0031645048
-52.0 13.6914288117 1.00315317395
-52.5 13.6899956039 1.00314186685
-53.0 13.6881463072 1.0031305897
-53.5 13.6858995877 1.00311934812
-54.0 13.6832732017 1.0031081471
-54.5 13.6802840484 1.00309699115
-55.0 13.6769482178 1.00308588432
-55.5 13.6732810362 1.00307483019
-56.0 13.6692971087 1.00306383199
-56.5 13.6650103587 1.00305289259
-57.0 13.660434065 1.00304201452
-57.5 13.6555808965 1.00303120005
-58.0 13.6504629448 1.00302045116
-58.5 13.6450917548 1.00300976959
-59.0 13.6394783531 1.00299915686
-59.5 13.6336332751 1.00298861428
-60.0 13.6275665903 1.002978143
-60.5 13.621287926 1.00296774398
-61.0 13.6148064897 1.00295741804
-61.5 13.60813109 1.00294716585
-62.0 13.6012701567 1.00293698795
-62.5 13.5942317594 1.00292688478
-63.0 13.587023625 1.00291685665
-63.5 13.5796531543 1.0029069038
-64.0 13.5721274381 1.00289702637
-64.5 13.5644532714 1.00288722441
-65.0 13.5566371681 1.00287749791
-65.5 13.5486853735 1.0028678468
-66.0 13.5406038774 1.00285827091
-66.5 13.5323984259 1.00284877007
-67.0 13.5240745321 1.00283934403
-67.5 13.5156374874 1.00282999248
-68.0 13.5070923711 1.00282071512
-68.5 13.4984440603 1.00281151156
-69.0 13.4896972385 1.0028023814
-69.5 13.4808564047 1.00279332421
-70.0 13.4719258812 1.00278433954
-70.5 13.4629098212 1.00277542689
-71.0 13.4538122169 1.00276658577
-71.5 13.4446369054 1.00275781564
-72.0 13.4353875763 1.00274911597
-72.5 13.4260677776 1.00274048622
-73.0 13.4166809215 1.00273192579
-73.5 13.4072302905 1.00272343412
-74.0 13.3977190427 1.00271501062
-74.5 13.388150217 1.00270665467
-75.0 13.3785267379 1.00269836569
-75.5 13.3688514203 1.00269014305
-76.0 13.3591269741 1.00268198615
-76.5 13.3493560084 1.00267389436
-77.0 13.3395410353 1.00266586706
-77.5 13.3296844743 1.00265790361
-78.0 13.3197886557 1.0026500034
-78.5 13.3098558242 1.00264216581
-79.0 13.2998881421 1.00263439019
-79.5 13.289887693 1.00262667593
-80.0 13.2798564845 1.00261902239
-80.5 13.2697964512 1.00261142897
-81.0 13.2597094577 1.00260389503
-81.5 13.2495973011 1.00259641995
-82.0 13.2394617138 1.00258900313
-82.5 13.2293043657 1.00258164395
-83.0 13.2191268669 1.0025743418
-83.5 13.2089307697 1.00256709608
-84.0 13.1987175708 1.00255990618
-84.5 13.1884887136 1.00255277152
-85.0 13.1782455898 1.0025456915
-85.5 13.1679895418 1.00253866554
-86.0 13.157721864 1.00253169305
-86.5 13.1474438052 1.00252477345
-87.0 13.1371565694 1.00251790619
-87.5 13.1268613183 1.00251109068
-88.0 13.1165591724 1.00250432638
-88.5 13.1062512125 1.00249761273
-89.0 13.0959384811 1.00249094918
-89.5 13.085621984 1.00248433518
-90.0 13.0753026915 1.00247777021
-90.5 13.0649815393 1.00247125372
-91.0 13.0546594304 1.00246478519
-91.5 13.0443372358 1.00245836411
-92.0 13.0340157956 1.00245198995
-92.5 13.0236959204 1.00244566222
-93.0 13.013378392 1.00243938041
-93.5 13.0030639645 1.00243314401
-94.0 12.9927533653 1.00242695255
-94.5 12.9824472963 1.00242080553
-95.0 12.972146434 1.00241470249
-95.5 12.9618514313 1.00240864293
-96.0 12.9515629176 1.0024026264
-96.5 12.9412814999 1.00239665244
-97.0 12.9310077637 1.00239072059
-97.5 12.9207422732 1.00238483039
-98.0 12.9104855728 1.0023789814
-98.5 12.9002381869 1.00237317319
-99.0 12.8900006213 1.00236740532
-99.5 12.8797733635 1.00236167736
-100.0 12.8695568831 1.00235598889
-100.5 12.8593516329 1.00235033948
-101.0 12.8491580491 1.00234472873
-101.5 12.8389765517 1.00233915623
-102.0 12.8288075456 1.00233362158
-102.5 12.8186514206 1.00232812437
-103.0 12.808508552 1.00232266423
-103.5 12.7983793012 1.00231724076
-104.0 12.7882640161 1.00231185357
-104.5 12.7781630314 1.0023065023
-105.0 12.7680766692 1.00230118657
-105.5 12.7580052394 1.00229590601
-106.0 12.7479490401 1.00229066025
-106.5 12.7379083576 1.00228544895
-107.0 12.7278834676 1.00228027174
-107.5 12.7178746345 1.00227512829
-108.0 12.7078821128 1.00227001823
-108.5 12.6979061466 1.00226494124
-109.0 12.6879469704 1.00225989698
-109.5 12.6780048092 1.00225488511
-110.0 12.6680798788 1.00224990531
-110.5 12.6581723862 1.00224495726
-111.0 12.6482825299 1.00224004064
-111.5 12.6384105001 1.00223515512
-112.0 12.6285564787 1.00223030041
-112.5 12.6187206403 1.00222547619
-113.0 12.6089031514 1.00222068217
-113.5 12.5991041716 1.00221591804
-114.0 12.5893238533 1.0022111835
-114.5 12.579562342 1.00220647827
