0.0 30.0748818263 0.30186848386
0.5 29.8240086979 0.294418835136
1.0 29.5881649615 0.286064239189
1.5 29.3652265538 0.276456129368
2.0 29.1535558269 0.264989557818
2.5 28.9518681152 0.25047961759
3.0 28.7591710262 0.230111334402
3.5 28.574901909 0.194094418392
4.0 29.2079087226 0.351686126827
4.5 30.3892183164 0.350780187475
5.0 30.8237100674 0.34459306223
5.5 31.0392219901 0.337976747785
6.0 31.1426323555 0.330964481191
6.5 31.1789486983 0.323519887525
7.0 31.1718276475 0.31558700823
7.5 31.1352344222 0.307093474182
8.0 31.0780354436 0.297946953378
8.5 31.0061509341 0.288028062946
9.0 30.9236839977 0.277178833441
9.5 30.8335619939 0.265183772439
10.0 30.7379238039 0.251737237087
10.5 30.6383663426 0.236383140763
11.0 30.5361115963 0.218392405466
11.5 30.4321361354 0.19647791459
12.0 30.3273260825 0.167977384102
12.5 30.2230240538 0.125395843554
13.0 31.929557176 0.574913643306
13.5 36.2898245999 0.655882940493
14.0 38.3992904706 0.648794217372
14.5 39.891686667 0.639839084286
15.0 41.0464524403 0.629718933207
15.5 41.9793848023 0.618388503084
16.0 42.7526070394 0.60564181726
16.5 43.4043246606 0.591159381349
17.0 43.960129506 0.574478421289
17.5 44.4381975978 0.554915646821
18.0 44.8520000221 0.531412146681
18.5 45.2118513928 0.50220271129
19.0 45.5258612941 0.464006648458
19.5 45.8005716306 0.409542762445
20.0 46.0415690197 0.3156621224
20.5 47.1230998163 0.980315399388
21.0 48.5136783735 0.998862025129
21.5 49.3640056026 0.999708257261
22.0 50.022798672 0.999951834888
22.5 50.5668120198 1.00005875939
23.0 51.0298508323 1.00011606594
23.5 51.4309024331 1.0001505486
24.0 51.7821482112 1.00017289073
24.5 52.0920888282 1.00018810415
25.0 52.3670077266 1.00019882098
25.5 52.6117460109 1.00020654376
26.0 52.830151 1.0002121872
26.5 53.0253541687 1.00021633743
27.0 53.1999528829 1.0002193858
27.5 53.3561345093 1.00022160293
28.0 53.4957642651 1.00022318128
28.5 53.6204492918 1.00022426122
29.0 53.7315865896 1.00022494735
29.5 53.8303996609 1.00022531887
30.0 53.9179670521 1.00022543694
30.5 53.9952449461 1.00022534925
31.0 54.0630853026 1.00022509357
31.5 54.122250604 1.00022470007
32.0 54.1734259771 1.00022419314
32.5 54.217229253 1.00022359262
33.0 54.254219392 1.00022291474
33.5 54.2849035929 1.00022217297
34.0 54.3097433358 1.00022137851
34.5 54.329159551 1.00022054065
35.0 54.3435370669 1.00021966723
35.5 54.3532284573 1.00021876488
36.0 54.3585573858 1.00021783919
36.5 54.3598215264 1.00021689488
37.0 54.3572951238 1.00021593602
37.5 54.3512312478 1.00021496607
38.0 54.3418637839 1.00021398796
38.5 54.3294091982 1.00021300425
39.0 54.314068106 1.0002120171
39.5 54.2960266707 1.00021102837
40.0 54.2754578543 1.00021003971
40.5 54.2525225384 1.00020905245
41.0 54.2273705317 1.00020806783
41.5 54.2001414763 1.00020708683
42.0 54.1709656669 1.00020611034
42.5 54.1399647911 1.00020513913
43.0 54.1072525995 1.00020417384
43.5 54.0729355155 1.00020321501
44.0 54.0371131882 1.0002022631
44.5 53.9998789973 1.00020131852
45.0 53.9613205129 1.00020038157
45.5 53.921519916 1.00019945258
46.0 53.8805543832 1.00019853173
46.5 53.8384964395 1.00019761922
47.0 53.7954142812 1.00019671521
47.5 53.7513720735 1.00019581981
48.0 53.706430224 1.00019493309
48.5 53.660645634 1.00019405514
49.0 53.6140719309 1.00019318595
49.5 53.5667596827 1.00019232559
50.0 53.5187565955 1.00019147404
50.5 53.4701076974 1.00019063129
51.0 53.4208555072 1.00018979732
51.5 53.3710401925 1.0001889721
52.0 53.3206997147 1.00018815555
52.5 53.269869965 1.00018734766
53.0 53.21858489 1.00018654834
53.5 53.1668766087 1.00018575753
54.0 53.1147755215 1.00018497513
54.5 53.0623104118 1.00018420111
55.0 53.0095085406 1.00018343533
55.5 52.9563957345 1.00018267776
56.0 52.9029964686 1.00018192827
56.5 52.8493339435 1.00018118677
57.0 52.7954301569 1.00018045318
57.5 52.7413059715 1.00017972742
58.0 52.6869811778 1.00017900935
58.5 52.6324745536 1.0001782989
59.0 52.577803919 1.00017759596
59.5 52.5229861885 1.00017690047
60.0 52.4680374201 1.00017621228
60.5 52.4129728609 1.0001755313
61.0 52.3578069902 1.00017485745
61.5 52.30255356 1.00017419063
62.0 52.2472256332 1.00017353073
62.5 52.1918356192 1.00017287768
63.0 52.136395308 1.00017223134
63.5 52.0809159018 1.00017159164
64.0 52.0254080449 1.00017095849
64.5 51.9698818523 1.00017033181
65.0 51.914346936 1.00016971145
65.5 51.8588124305 1.00016909737
66.0 51.8032870164 1.00016848948
66.5 51.7477789429 1.00016788766
67.0 51.692296049 1.00016729185
67.5 51.6368457838 1.00016670195
68.0 51.581435225 1.00016611786
68.5 51.5260710975 1.00016553953
69.0 51.47075979 1.00016496685
69.5 51.4155073711 1.00016439975
70.0 51.3603196048 1.00016383815
70.5 51.3052019648 1.00016328195
71.0 51.2501596483 1.0001627311
71.5 51.195197589 1.00016218551
72.0 51.1403204692 1.0001616451
72.5 51.085532732 1.00016110983
73.0 51.030838592 1.00016057955
73.5 50.9762420461 1.00016005424
74.0 50.9217468833 1.00015953386
74.5 50.8673566945 1.00015901828
75.0 50.8130748813 1.00015850746
75.5 50.7589046649 1.00015800133
76.0 50.7048490941 1.00015749983
76.5 50.6509110531 1.00015700288
77.0 50.5970932691 1.00015651042
77.5 50.5433983189 1.00015602239
78.0 50.4898286364 1.00015553873
78.5 50.4363865182 1.00015505937
79.0 50.3830741303 1.00015458426
79.5 50.3298935136 1.00015411334
80.0 50.2768465894 1.00015364656
80.5 50.2239351651 1.00015318384
81.0 50.1711609387 1.00015272516
81.5 50.1185255039 1.00015227042
82.0 50.0660303547 1.0001518196
82.5 50.0136768897 1.00015137265
83.0 49.9614664164 1.00015092948
83.5 49.909400155 1.00015049008
84.0 49.8574792422 1.00015005437
84.5 49.805704735 1.00014962233
85.0 49.7540776143 1.00014919389
85.5 49.7025987879 1.000148769
86.0 49.6512690936 1.00014834763
86.5 49.6000893028 1.00014792972
87.0 49.5490601228 1.00014751522
87.5 49.4981821999 1.00014710412
88.0 49.4474561219 1.00014669633
88.5 49.3968824209 1.00014629184
89.0 49.3464615753 1.00014589059
89.5 49.2961940124 1.00014549254
90.0 49.2460801106 1.00014509766
90.5 49.1961202017 1.0001447059
91.0 49.1463145723 1.00014431722
91.5 49.0966634666 1.00014393159
92.0 49.0471670877 1.00014354897
92.5 48.9978255995 1.00014316931
93.0 48.9486391285 1.00014279259
93.5 48.8996077655 1.00014241875
94.0 48.8507315669 1.00014204777
94.5 48.8020105564 1.00014167963
95.0 48.7534447267 1.00014131428
95.5 48.7050340402 1.00014095167
96.0 48.656778431 1.0001405918
96.5 48.6086778058 1.00014023461
97.0 48.5607320453 1.00013988008
97.5 48.5129410053 1.00013952817
98.0 48.4653045178 1.00013917887
98.5 48.417822392 1.00013883211
99.0 48.3704944156 1.00013848789
99.5 48.3233203555 1.00013814617
100.0 48.2762999589 1.00013780693
100.5 48.2294329542 1.00013747013
101.0 48.1827190519 1.00013713575
101.5 48.1361579453 1.00013680374
102.0 48.0897493114 1.00013647412
102.5 48.0434928118 1.00013614681
103.0 47.9973880932 1.00013582182
103.5 47.9514347883 1.00013549909
104.0 47.9056325163 1.00013517862
104.5 47.8599808839 1.0001348604
105.0 47.8144794855 1.00013454435
105.5 47.7691279041 1.0001342305
106.0 47.7239257118 1.00013391878
106.5 47.6788724702 1.00013360921
107.0 47.6339677312 1.00013330175
107.5 47.5892110376 1.00013299637
108.0 47.544601923 1.00013269304
108.5 47.5001399129 1.00013239175
109.0 47.4558245249 1.00013209249
109.5 47.4116552692 1.0001317952
110.0 47.3676316489 1.00013149989
110.5 47.3237531605 1.00013120654
111.0 47.2800192944 1.0001309151
111.5 47.236429535 1.00013062558
112.0 47.1929833612 1.00013033794
112.5 47.149680247 1.00013005217
113.0 47.1065196612 1.00012976825
113.5 47.0635010683 1.00012948616
114.0 47.0206239287 1.00012920589
114.5 46.9778876989 1.00012892739
