    0.0000   -9.1540
    0.0433   -9.1570
    0.0866   -9.1670
    0.1299   -9.1840
    0.1732   -9.2060
    0.2165   -9.2330
    0.2598   -9.2650
    0.3031   -9.3010
    0.3464   -9.3390
    0.3897   -9.3780
    0.4330   -9.4180
    0.4763   -9.4580
    0.5196   -9.4960
    0.5629   -9.5320
    0.6062   -9.5640
    0.6495   -9.5930
    0.6928   -9.6170
    0.7361   -9.6370
    0.7794   -9.6510
    0.8227   -9.6600
    0.8660   -9.6630
    0.9160   -9.6590
    0.9660   -9.6470
    1.0160   -9.6300
    1.0660   -9.6060
    1.1160   -9.5790
    1.1660   -9.5510
    1.2160   -9.5230
    1.2660   -9.4970
    1.3160   -9.4760
    1.3660   -9.4600
    1.4160   -9.4500
    1.4660   -9.4470
    1.5160   -9.4500
    1.5660   -9.4570
    1.6160   -9.4680
    1.6660   -9.4800
    1.7160   -9.4910
    1.7660   -9.5010
    1.8160   -9.5070
    1.8660   -9.5090
    1.8910   -9.5080
    1.9160   -9.5060
    1.9410   -9.5020
    1.9660   -9.4970
    1.9910   -9.4900
    2.0160   -9.4820
    2.0410   -9.4740
    2.0660   -9.4640
    2.0910   -9.4540
    2.1160   -9.4440
    2.1410   -9.4330
    2.1660   -9.4230
    2.1910   -9.4130
    2.2160   -9.4040
    2.2410   -9.3960
    2.2660   -9.3900
    2.2910   -9.3840
    2.3160   -9.3800
    2.3410   -9.3770
    2.3660   -9.3770
    2.3837   -9.3770
    2.4014   -9.3770
    2.4191   -9.3770
    2.4367   -9.3770
    2.4544   -9.3770
    2.4721   -9.3780
    2.4898   -9.3780
    2.5074   -9.3790
    2.5251   -9.3790
    2.5428   -9.3790
    2.5605   -9.3800
    2.5782   -9.3800
    2.5958   -9.3800
    2.6135   -9.3810
    2.6312   -9.3810
    2.6489   -9.3810
    2.6665   -9.3810
    2.6842   -9.3820
    2.7019   -9.3820
    2.7196   -9.3820
    2.7726   -9.3530
    2.8256   -9.3270
    2.8787   -9.3060
    2.9317   -9.2900
    2.9847   -9.2820
    3.0378   -9.2820
    3.0908   -9.2910
    3.1438   -9.3080
    3.1969   -9.3340
    3.2499   -9.3660
    3.3029   -9.4030
    3.3560   -9.4430
    3.4090   -9.4840
    3.4620   -9.5250
    3.5151   -9.5630
    3.5681   -9.5970
    3.6211   -9.6250
    3.6742   -9.6450
    3.7272   -9.6580
    3.7802   -9.6630
 
    0.0000    1.8750
    0.0433    1.8870
    0.0866    1.9220
    0.1299    1.9800
    0.1732    2.0590
    0.2165    2.1590
    0.2598    2.2790
    0.3031    2.4150
    0.3464    2.5670
    0.3897    2.7320
    0.4330    2.9070
    0.4763    3.0890
    0.5196    3.2750
    0.5629    3.4610
    0.6062    3.6420
    0.6495    3.8140
    0.6928    3.9690
    0.7361    4.1010
    0.7794    4.2030
    0.8227    4.2670
    0.8660    4.2890
    0.9160    4.2470
    0.9660    4.1290
    1.0160    3.9550
    1.0660    3.7480
    1.1160    3.5300
    1.1660    3.3200
    1.2160    3.1330
    1.2660    2.9780
    1.3160    2.8620
    1.3660    2.7880
    1.4160    2.7570
    1.4660    2.7670
    1.5160    2.8120
    1.5660    2.8850
    1.6160    2.9760
    1.6660    3.0730
    1.7160    3.1650
    1.7660    3.2410
    1.8160    3.2910
    1.8660    3.3080
    1.8910    3.3080
    1.9160    3.3090
    1.9410    3.3100
    1.9660    3.3120
    1.9910    3.3140
    2.0160    3.3170
    2.0410    3.3210
    2.0660    3.3260
    2.0910    3.3310
    2.1160    3.3380
    2.1410    3.3460
    2.1660    3.3550
    2.1910    3.3450
    2.2160    3.2870
    2.2410    3.2360
    2.2660    3.1930
    2.2910    3.1590
    2.3160    3.1340
    2.3410    3.1180
    2.3660    3.1130
    2.3837    3.1130
    2.4014    3.1140
    2.4191    3.1150
    2.4367    3.1160
    2.4544    3.1180
    2.4721    3.1200
    2.4898    3.1220
    2.5074    3.1250
    2.5251    3.1270
    2.5428    3.1300
    2.5605    3.1320
    2.5782    3.1340
    2.5958    3.1360
    2.6135    3.1380
    2.6312    3.1400
    2.6489    3.1410
    2.6665    3.1420
    2.6842    3.1430
    2.7019    3.1430
    2.7196    3.1440
    2.7726    2.9640
    2.8256    2.8000
    2.8787    2.6600
    2.9317    2.5480
    2.9847    2.4700
    3.0378    2.4270
    3.0908    2.4240
    3.1438    2.4590
    3.1969    2.5320
    3.2499    2.6420
    3.3029    2.7860
    3.3560    2.9580
    3.4090    3.1540
    3.4620    3.3650
    3.5151    3.5840
    3.5681    3.7970
    3.6211    3.9910
    3.6742    4.1480
    3.7272    4.2520
    3.7802    4.2890
 
    0.0000    3.1580
    0.0433    3.1640
    0.0866    3.1820
    0.1299    3.2110
    0.1732    3.2520
    0.2165    3.3030
    0.2598    3.3640
    0.3031    3.4340
    0.3464    3.5100
    0.3897    3.5930
    0.4330    3.6790
    0.4763    3.7680
    0.5196    3.8560
    0.5629    3.9430
    0.6062    4.0240
    0.6495    4.0990
    0.6928    4.1640
    0.7361    4.2170
    0.7794    4.2560
    0.8227    4.2810
    0.8660    4.2890
    0.9160    4.2840
    0.9660    4.2710
    1.0160    4.2510
    1.0660    4.2250
    1.1160    4.1950
    1.1660    4.1630
    1.2160    4.1330
    1.2660    4.1040
    1.3160    4.0790
    1.3660    4.0590
    1.4160    4.0430
    1.4660    4.0310
    1.5160    4.0240
    1.5660    4.0210
    1.6160    4.0200
    1.6660    4.0220
    1.7160    4.0240
    1.7660    4.0260
    1.8160    4.0280
    1.8660    4.0280
    1.8910    4.0220
    1.9160    4.0030
    1.9410    3.9730
    1.9660    3.9320
    1.9910    3.8820
    2.0160    3.8230
    2.0410    3.7590
    2.0660    3.6900
    2.0910    3.6190
    2.1160    3.5470
    2.1410    3.4770
    2.1660    3.4090
    2.1910    3.3660
    2.2160    3.3780
    2.2410    3.3920
    2.2660    3.4080
    2.2910    3.4250
    2.3160    3.4440
    2.3410    3.4660
    2.3660    3.4890
    2.3837    3.4770
    2.4014    3.4660
    2.4191    3.4550
    2.4367    3.4450
    2.4544    3.4360
    2.4721    3.4270
    2.4898    3.4190
    2.5074    3.4110
    2.5251    3.4040
    2.5428    3.3970
    2.5605    3.3910
    2.5782    3.3860
    2.5958    3.3820
    2.6135    3.3780
    2.6312    3.3740
    2.6489    3.3710
    2.6665    3.3690
    2.6842    3.3680
    2.7019    3.3670
    2.7196    3.3670
    2.7726    3.3900
    2.8256    3.4190
    2.8787    3.3620
    2.9317    3.3080
    2.9847    3.2720
    3.0378    3.2560
    3.0908    3.2630
    3.1438    3.2910
    3.1969    3.3420
    3.2499    3.4120
    3.3029    3.5000
    3.3560    3.6030
    3.4090    3.7160
    3.4620    3.8330
    3.5151    3.9500
    3.5681    4.0590
    3.6211    4.1540
    3.6742    4.2270
    3.7272    4.2730
    3.7802    4.2890
 
    0.0000    3.1580
    0.0433    3.1640
    0.0866    3.1820
    0.1299    3.2110
    0.1732    3.2520
    0.2165    3.3030
    0.2598    3.3640
    0.3031    3.4340
    0.3464    3.5100
    0.3897    3.5930
    0.4330    3.6790
    0.4763    3.7680
    0.5196    3.8560
    0.5629    3.9430
    0.6062    4.0240
    0.6495    4.0990
    0.6928    4.1640
    0.7361    4.2170
    0.7794    4.2560
    0.8227    4.2810
    0.8660    4.2890
    0.9160    4.2840
    0.9660    4.2710
    1.0160    4.2510
    1.0660    4.2250
    1.1160    4.1950
    1.1660    4.1630
    1.2160    4.1330
    1.2660    4.1040
    1.3160    4.0790
    1.3660    4.0590
    1.4160    4.0430
    1.4660    4.0310
    1.5160    4.0240
    1.5660    4.0210
    1.6160    4.0200
    1.6660    4.0220
    1.7160    4.0240
    1.7660    4.0260
    1.8160    4.0280
    1.8660    4.0280
    1.8910    4.0260
    1.9160    4.0170
    1.9410    4.0040
    1.9660    3.9860
    1.9910    3.9630
    2.0160    3.9370
    2.0410    3.9080
    2.0660    3.8760
    2.0910    3.8430
    2.1160    3.8080
    2.1410    3.7730
    2.1660    3.7370
    2.1910    3.7020
    2.2160    3.6670
    2.2410    3.6340
    2.2660    3.6010
    2.2910    3.5710
    2.3160    3.5420
    2.3410    3.5140
    2.3660    3.4890
    2.3837    3.5010
    2.4014    3.5120
    2.4191    3.5230
    2.4367    3.5330
    2.4544    3.5430
    2.4721    3.5510
    2.4898    3.5590
    2.5074    3.5660
    2.5251    3.5730
    2.5428    3.5790
    2.5605    3.5840
    2.5782    3.5890
    2.5958    3.5930
    2.6135    3.5970
    2.6312    3.6000
    2.6489    3.6020
    2.6665    3.6040
    2.6842    3.6060
    2.7019    3.6060
    2.7196    3.6070
    2.7726    3.5160
    2.8256    3.4330
    2.8787    3.4540
    2.9317    3.4960
    2.9847    3.5430
    3.0378    3.5970
    3.0908    3.6560
    3.1438    3.7200
    3.1969    3.7870
    3.2499    3.8550
    3.3029    3.9240
    3.3560    3.9910
    3.4090    4.0550
    3.4620    4.1130
    3.5151    4.1650
    3.5681    4.2090
    3.6211    4.2430
    3.6742    4.2690
    3.7272    4.2840
    3.7802    4.2890
 
    0.0000   11.6230
    0.0433   11.6160
    0.0866   11.5940
    0.1299   11.5590
    0.1732   11.5140
    0.2165   11.4620
    0.2598   11.4050
    0.3031   11.3440
    0.3464   11.2720
    0.3897   11.1580
    0.4330   10.9440
    0.4763   10.6490
    0.5196   10.3350
    0.5629   10.0260
    0.6062    9.7350
    0.6495    9.4690
    0.6928    9.2360
    0.7361    9.0430
    0.7794    8.8980
    0.8227    8.8070
    0.8660    8.7760
    0.9160    8.8170
    0.9660    8.9320
    1.0160    9.1060
    1.0660    9.3190
    1.1160    9.5550
    1.1660    9.8060
    1.2160   10.0650
    1.2660   10.2130
    1.3160    9.9850
    1.3660    9.7660
    1.4160    9.5600
    1.4660    9.3700
    1.5160    9.1980
    1.5660    9.0450
    1.6160    8.9140
    1.6660    8.8050
    1.7160    8.7190
    1.7660    8.6570
    1.8160    8.6200
    1.8660    8.6080
    1.8910    8.6170
    1.9160    8.6420
    1.9410    8.6850
    1.9660    8.7450
    1.9910    8.8200
    2.0160    8.9110
    2.0410    9.0160
    2.0660    9.1340
    2.0910    9.2660
    2.1160    9.4090
    2.1410    9.5640
    2.1660    9.7290
    2.1910    9.9030
    2.2160   10.0870
    2.2410   10.2780
    2.2660   10.4770
    2.2910   10.6830
    2.3160   10.8950
    2.3410   11.1130
    2.3660   11.3350
    2.3837   11.2240
    2.4014   11.1170
    2.4191   11.0130
    2.4367   10.9140
    2.4544   10.8190
    2.4721   10.7290
    2.4898   10.6430
    2.5074   10.5640
    2.5251   10.4890
    2.5428   10.4210
    2.5605   10.3580
    2.5782   10.3020
    2.5958   10.2510
    2.6135   10.2070
    2.6312   10.1700
    2.6489   10.1390
    2.6665   10.1150
    2.6842   10.0980
    2.7019   10.0880
    2.7196   10.0840
    2.7726   10.4730
    2.8256   10.8680
    2.8787   11.2470
    2.9317   11.5810
    2.9847   11.7940
    3.0378   11.5980
    3.0908   11.4350
    3.1438   11.3040
    3.1969   11.2050
    3.2499   11.1400
    3.3029   11.0760
    3.3560   10.7430
    3.4090   10.3990
    3.4620   10.0570
    3.5151    9.7270
    3.5681    9.4240
    3.6211    9.1610
    3.6742    8.9550
    3.7272    8.8220
    3.7802    8.7760
 
    0.0000   13.7250
    0.0433   13.6840
    0.0866   13.5640
    0.1299   13.3760
    0.1732   13.1320
    0.2165   12.8460
    0.2598   12.5310
    0.3031   12.2030
    0.3464   11.8790
    0.3897   11.6020
    0.4330   11.4390
    0.4763   11.3750
    0.5196   11.3570
    0.5629   11.3630
    0.6062   11.3840
    0.6495   11.4150
    0.6928   11.4510
    0.7361   11.4870
    0.7794   11.5170
    0.8227   11.5370
    0.8660   11.5450
    0.9160   11.5140
    0.9660   11.4250
    1.0160   11.2850
    1.0660   11.1070
    1.1160   10.9010
    1.1660   10.6770
    1.2160   10.4460
    1.2660   10.3290
    1.3160   10.5970
    1.3660   10.8690
    1.4160   11.1440
    1.4660   11.4190
    1.5160   11.6910
    1.5660   11.9540
    1.6160   12.2010
    1.6660   12.4220
    1.7160   12.6040
    1.7660   12.7380
    1.8160   12.8190
    1.8660   12.8460
    1.8910   12.8530
    1.9160   12.8750
    1.9410   12.9090
    1.9660   12.9560
    1.9910   13.0130
    2.0160   13.0790
    2.0410   13.1500
    2.0660   13.2260
    2.0910   13.3030
    2.1160   13.3800
    2.1410   13.4550
    2.1660   13.2210
    2.1910   12.9800
    2.2160   12.7400
    2.2410   12.5010
    2.2660   12.2620
    2.2910   12.0260
    2.3160   11.7930
    2.3410   11.5620
    2.3660   11.3350
    2.3837   11.4480
    2.4014   11.5630
    2.4191   11.6800
    2.4367   11.7970
    2.4544   11.9150
    2.4721   12.0330
    2.4898   12.1510
    2.5074   12.2690
    2.5251   12.3850
    2.5428   12.4980
    2.5605   12.6090
    2.5782   12.7150
    2.5958   12.8160
    2.6135   12.9100
    2.6312   12.9940
    2.6489   13.0680
    2.6665   13.1280
    2.6842   13.1730
    2.7019   13.2010
    2.7196   13.2100
    2.7726   12.8720
    2.8256   12.5600
    2.8787   12.2760
    2.9317   12.0200
    2.9847   11.8370
    3.0378   11.9780
    3.0908   11.9840
    3.1438   11.8670
    3.1969   11.6580
    3.2499   11.3860
    3.3029   11.1070
    3.3560   11.1050
    3.4090   11.1320
    3.4620   11.1830
    3.5151   11.2520
    3.5681   11.3320
    3.6211   11.4120
    3.6742   11.4810
    3.7272   11.5280
    3.7802   11.5450
 
    0.0000   14.1700
    0.0433   14.1500
    0.0866   14.0890
    0.1299   13.9910
    0.1732   13.8600
    0.2165   13.7010
    0.2598   13.5200
    0.3031   13.3240
    0.3464   13.1190
    0.3897   12.9110
    0.4330   12.7060
    0.4763   12.5080
    0.5196   12.3210
    0.5629   12.1490
    0.6062   11.9950
    0.6495   11.8610
    0.6928   11.7490
    0.7361   11.6600
    0.7794   11.5960
    0.8227   11.5570
    0.8660   11.5450
    0.9160   11.5720
    0.9660   11.6550
    1.0160   11.7910
    1.0660   11.9770
    1.1160   12.2090
    1.1660   12.4820
    1.2160   12.7900
    1.2660   13.1280
    1.3160   13.4910
    1.3660   13.8700
    1.4160   14.2610
    1.4660   14.6550
    1.5160   15.0440
    1.5660   15.2360
    1.6160   15.3730
    1.6660   15.4960
    1.7160   15.5220
    1.7660   15.5060
    1.8160   15.5060
    1.8660   15.5090
    1.8910   15.4710
    1.9160   15.3650
    1.9410   15.2130
    1.9660   15.0320
    1.9910   14.8310
    2.0160   14.6180
    2.0410   14.3960
    2.0660   14.1680
    2.0910   13.9350
    2.1160   13.6990
    2.1410   13.4600
    2.1660   13.5260
    2.1910   13.5910
    2.2160   13.6500
    2.2410   13.7020
    2.2660   13.7450
    2.2910   13.7790
    2.3160   13.8040
    2.3410   13.8190
    2.3660   13.8240
    2.3837   13.8240
    2.4014   13.8240
    2.4191   13.8240
    2.4367   13.8250
    2.4544   13.8260
    2.4721   13.8280
    2.4898   13.8310
    2.5074   13.8350
    2.5251   13.8390
    2.5428   13.8440
    2.5605   13.8490
    2.5782   13.8550
    2.5958   13.8610
    2.6135   13.8670
    2.6312   13.8730
    2.6489   13.8770
    2.6665   13.8810
    2.6842   13.8840
    2.7019   13.8860
    2.7196   13.8870
    2.7726   14.0530
    2.8256   14.1510
    2.8787   14.1720
    2.9317   14.1290
    2.9847   14.0540
    3.0378   13.9130
    3.0908   13.6220
    3.1438   13.3410
    3.1969   13.0740
    3.2499   12.8240
    3.3029   12.5910
    3.3560   12.3790
    3.4090   12.1890
    3.4620   12.0210
    3.5151   11.8770
    3.5681   11.7580
    3.6211   11.6650
    3.6742   11.5980
    3.7272   11.5580
    3.7802   11.5450
 
    0.0000   14.1700
    0.0433   14.1500
    0.0866   14.0890
    0.1299   13.9910
    0.1732   13.8600
    0.2165   13.7010
    0.2598   13.5200
    0.3031   13.3240
    0.3464   13.1190
    0.3897   12.9110
    0.4330   12.7060
    0.4763   12.5080
    0.5196   12.3210
    0.5629   12.1490
    0.6062   11.9950
    0.6495   11.8610
    0.6928   11.7490
    0.7361   11.6600
    0.7794   11.5960
    0.8227   11.5570
    0.8660   11.5450
    0.9160   11.5720
    0.9660   11.6550
    1.0160   11.7910
    1.0660   11.9770
    1.1160   12.2090
    1.1660   12.4820
    1.2160   12.7900
    1.2660   13.1280
    1.3160   13.4910
    1.3660   13.8700
    1.4160   14.2610
    1.4660   14.6550
    1.5160   15.0440
    1.5660   15.4210
    1.6160   15.6300
    1.6660   15.5660
    1.7160   15.5990
    1.7660   15.6770
    1.8160   15.7260
    1.8660   15.7420
    1.8910   15.7470
    1.9160   15.7630
    1.9410   15.7880
    1.9660   15.8220
    1.9910   15.8670
    2.0160   15.9200
    2.0410   15.9820
    2.0660   16.0520
    2.0910   16.1280
    2.1160   16.2090
    2.1410   16.2940
    2.1660   16.3790
    2.1910   16.4640
    2.2160   16.5450
    2.2410   16.6190
    2.2660   16.6840
    2.2910   16.7380
    2.3160   16.7780
    2.3410   16.8010
    2.3660   16.8010
    2.3837   16.7960
    2.4014   16.7790
    2.4191   16.7500
    2.4367   16.7110
    2.4544   16.6610
    2.4721   16.6020
    2.4898   16.5340
    2.5074   16.4600
    2.5251   16.3810
    2.5428   16.2990
    2.5605   16.2140
    2.5782   16.1290
    2.5958   16.0460
    2.6135   15.9670
    2.6312   15.8940
    2.6489   15.8300
    2.6665   15.7760
    2.6842   15.7360
    2.7019   15.7100
    2.7196   15.7020
    2.7726   15.4210
    2.8256   15.1260
    2.8787   14.8240
    2.9317   14.5180
    2.9847   14.2130
    3.0378   13.9810
    3.0908   13.9250
    3.1438   13.8720
    3.1969   13.7870
    3.2499   13.6440
    3.3029   13.4330
    3.3560   13.1640
    3.4090   12.8640
    3.4620   12.5600
    3.5151   12.2750
    3.5681   12.0250
    3.6211   11.8200
    3.6742   11.6690
    3.7272   11.5760
    3.7802   11.5450
 
    0.0000   17.5320
    0.0433   17.4470
    0.0866   17.2580
    0.1299   17.0240
    0.1732   16.7690
    0.2165   16.5030
    0.2598   16.2340
    0.3031   15.9660
    0.3464   15.7020
    0.3897   15.4450
    0.4330   15.1980
    0.4763   14.9630
    0.5196   14.7410
    0.5629   14.5370
    0.6062   14.3520
    0.6495   14.1890
    0.6928   14.0510
    0.7361   13.9410
    0.7794   13.8600
    0.8227   13.8110
    0.8660   13.7950
    0.9160   13.8040
    0.9660   13.8320
    1.0160   13.8790
    1.0660   13.9430
    1.1160   14.0240
    1.1660   14.1210
    1.2160   14.2330
    1.2660   14.3570
    1.3160   14.4920
    1.3660   14.6360
    1.4160   14.7860
    1.4660   14.9380
    1.5160   15.0900
    1.5660   15.4210
    1.6160   15.7760
    1.6660   16.0980
    1.7160   16.3750
    1.7660   16.5920
    1.8160   16.7330
    1.8660   16.7830
    1.8910   16.7830
    1.9160   16.7830
    1.9410   16.7840
    1.9660   16.7850
    1.9910   16.7850
    2.0160   16.7870
    2.0410   16.7880
    2.0660   16.7890
    2.0910   16.7910
    2.1160   16.7920
    2.1410   16.7930
    2.1660   16.7950
    2.1910   16.7960
    2.2160   16.7970
    2.2410   16.7990
    2.2660   16.8000
    2.2910   16.8000
    2.3160   16.8010
    2.3410   16.8020
    2.3660   16.8100
    2.3837   16.8080
    2.4014   16.8020
    2.4191   16.7910
    2.4367   16.7770
    2.4544   16.7600
    2.4721   16.7400
    2.4898   16.7170
    2.5074   16.6930
    2.5251   16.6670
    2.5428   16.6410
    2.5605   16.6150
    2.5782   16.5900
    2.5958   16.5660
    2.6135   16.5430
    2.6312   16.5240
    2.6489   16.5070
    2.6665   16.4930
    2.6842   16.4830
    2.7019   16.4770
    2.7196   16.4750
    2.7726   16.6110
    2.8256   16.7190
    2.8787   16.7880
    2.9317   16.8130
    2.9847   16.7870
    3.0378   16.7090
    3.0908   16.5790
    3.1438   16.4000
    3.1969   16.1690
    3.2499   15.6850
    3.3029   15.2720
    3.3560   14.9310
    3.4090   14.6510
    3.4620   14.4210
    3.5151   14.2300
    3.5681   14.0740
    3.6211   13.9530
    3.6742   13.8650
    3.7272   13.8120
    3.7802   13.7950
 
    0.0000   17.5320
    0.0433   17.4470
    0.0866   17.2580
    0.1299   17.0240
    0.1732   16.7690
    0.2165   16.5030
    0.2598   16.2340
    0.3031   15.9660
    0.3464   15.7020
    0.3897   15.4450
    0.4330   15.1980
    0.4763   14.9630
    0.5196   14.7410
    0.5629   14.5370
    0.6062   14.3520
    0.6495   14.1890
    0.6928   14.0510
    0.7361   13.9410
    0.7794   13.8600
    0.8227   13.8110
    0.8660   13.7950
    0.9160   13.8290
    0.9660   13.9300
    1.0160   14.0920
    1.0660   14.3050
    1.1160   14.5540
    1.1660   14.8220
    1.2160   15.0890
    1.2660   15.3330
    1.3160   15.5360
    1.3660   15.6830
    1.4160   15.7660
    1.4660   15.7890
    1.5160   15.7610
    1.5660   15.7020
    1.6160   15.7760
    1.6660   16.0980
    1.7160   16.3750
    1.7660   16.5920
    1.8160   16.7330
    1.8660   16.7830
    1.8910   16.8150
    1.9160   16.9030
    1.9410   17.0250
    1.9660   17.1620
    1.9910   17.3030
    2.0160   17.4400
    2.0410   17.5650
    2.0660   17.6760
    2.0910   17.7700
    2.1160   17.7600
    2.1410   17.6960
    2.1660   17.6350
    2.1910   17.5790
    2.2160   17.5280
    2.2410   17.4840
    2.2660   17.4460
    2.2910   17.4160
    2.3160   17.3950
    2.3410   17.3820
    2.3660   17.3770
    2.3837   17.3780
    2.4014   17.3780
    2.4191   17.3780
    2.4367   17.3770
    2.4544   17.3760
    2.4721   17.3750
    2.4898   17.3740
    2.5074   17.3730
    2.5251   17.3710
    2.5428   17.3700
    2.5605   17.3680
    2.5782   17.3670
    2.5958   17.3650
    2.6135   17.3640
    2.6312   17.3630
    2.6489   17.3620
    2.6665   17.3610
    2.6842   17.3610
    2.7019   17.3600
    2.7196   17.3600
    2.7726   17.2810
    2.8256   17.2810
    2.8787   17.3670
    2.9317   17.5180
    2.9847   17.6900
    3.0378   17.7250
    3.0908   17.2700
    3.1438   16.7080
    3.1969   16.1800
    3.2499   15.9270
    3.3029   15.6500
    3.3560   15.3580
    3.4090   15.0640
    3.4620   14.7770
    3.5151   14.5080
    3.5681   14.2690
    3.6211   14.0700
    3.6742   13.9200
    3.7272   13.8260
    3.7802   13.7950
 
    0.0000   17.9810
    0.0433   18.0350
    0.0866   18.1330
    0.1299   18.2270
    0.1732   18.3050
    0.2165   18.3180
    0.2598   18.2950
    0.3031   18.2710
    0.3464   18.2350
    0.3897   18.1820
    0.4330   18.1070
    0.4763   18.0120
    0.5196   17.8990
    0.5629   17.7700
    0.6062   17.6310
    0.6495   17.4880
    0.6928   17.3510
    0.7361   17.2300
    0.7794   17.1340
    0.8227   17.0730
    0.8660   17.0510
    0.9160   17.0790
    0.9660   17.1600
    1.0160   17.2820
    1.0660   17.4310
    1.1160   17.5920
    1.1660   17.7530
    1.2160   17.9030
    1.2660   18.0380
    1.3160   18.1550
    1.3660   18.2540
    1.4160   18.3360
    1.4660   18.4030
    1.5160   18.4580
    1.5660   18.4660
    1.6160   18.4300
    1.6660   18.3940
    1.7160   18.3630
    1.7660   18.3370
    1.8160   18.3210
    1.8660   18.3150
    1.8910   18.3100
    1.9160   18.2730
    1.9410   18.2230
    1.9660   18.1640
    1.9910   18.1000
    2.0160   18.0330
    2.0410   17.9650
    2.0660   17.8960
    2.0910   17.8270
    2.1160   17.8470
    2.1410   17.9090
    2.1660   17.9580
    2.1910   17.9980
    2.2160   18.0310
    2.2410   18.0590
    2.2660   18.0830
    2.2910   18.1050
    2.3160   18.1240
    2.3410   18.1410
    2.3660   18.1580
    2.3837   18.1520
    2.4014   18.1510
    2.4191   18.1550
    2.4367   18.1640
    2.4544   18.1770
    2.4721   18.1930
    2.4898   18.2130
    2.5074   18.2340
    2.5251   18.2580
    2.5428   18.2820
    2.5605   18.3060
    2.5782   18.3310
    2.5958   18.3550
    2.6135   18.3790
    2.6312   18.4010
    2.6489   18.4220
    2.6665   18.4420
    2.6842   18.4610
    2.7019   18.4730
    2.7196   18.4740
    2.7726   18.5150
    2.8256   18.5260
    2.8787   18.5240
    2.9317   18.4740
    2.9847   18.3360
    3.0378   18.0600
    3.0908   18.1040
    3.1438   18.2060
    3.1969   18.2890
    3.2499   18.2970
    3.3029   18.2100
    3.3560   18.1020
    3.4090   17.9700
    3.4620   17.8160
    3.5151   17.6470
    3.5681   17.4730
    3.6211   17.3090
    3.6742   17.1730
    3.7272   17.0830
    3.7802   17.0510
 
    0.0000   17.9810
    0.0433   18.0350
    0.0866   18.1330
    0.1299   18.2270
    0.1732   18.3050
    0.2165   18.3680
    0.2598   18.4210
    0.3031   18.4640
    0.3464   18.5010
    0.3897   18.5270
    0.4330   18.5370
    0.4763   18.5510
    0.5196   18.5680
    0.5629   18.5850
    0.6062   18.6020
    0.6495   18.6160
    0.6928   18.6280
    0.7361   18.6370
    0.7794   18.6440
    0.8227   18.6480
    0.8660   18.6500
    0.9160   18.6470
    0.9660   18.6390
    1.0160   18.6260
    1.0660   18.6090
    1.1160   18.5890
    1.1660   18.5680
    1.2160   18.5480
    1.2660   18.5350
    1.3160   18.5330
    1.3660   18.5450
    1.4160   18.5700
    1.4660   18.5380
    1.5160   18.5030
    1.5660   18.5010
    1.6160   18.4970
    1.6660   18.4570
    1.7160   18.4130
    1.7660   18.3700
    1.8160   18.3360
    1.8660   18.3240
    1.8910   18.3170
    1.9160   18.3220
    1.9410   18.3200
    1.9660   18.3160
    1.9910   18.3120
    2.0160   18.3070
    2.0410   18.3010
    2.0660   18.2950
    2.0910   18.2870
    2.1160   18.2790
    2.1410   18.2700
    2.1660   18.2600
    2.1910   18.2500
    2.2160   18.2390
    2.2410   18.2270
    2.2660   18.2150
    2.2910   18.2020
    2.3160   18.1880
    2.3410   18.1730
    2.3660   18.1580
    2.3837   18.1670
    2.4014   18.1800
    2.4191   18.1950
    2.4367   18.2130
    2.4544   18.2330
    2.4721   18.2540
    2.4898   18.2770
    2.5074   18.2990
    2.5251   18.3220
    2.5428   18.3450
    2.5605   18.3660
    2.5782   18.3870
    2.5958   18.4060
    2.6135   18.4230
    2.6312   18.4380
    2.6489   18.4500
    2.6665   18.4610
    2.6842   18.4680
    2.7019   18.4760
    2.7196   18.4850
    2.7726   18.5180
    2.8256   18.5560
    2.8787   18.5280
    2.9317   18.5160
    2.9847   18.5020
    3.0378   18.4820
    3.0908   18.4550
    3.1438   18.4160
    3.1969   18.3650
    3.2499   18.3580
    3.3029   18.4170
    3.3560   18.4690
    3.4090   18.5140
    3.4620   18.5530
    3.5151   18.5850
    3.5681   18.6100
    3.6211   18.6280
    3.6742   18.6400
    3.7272   18.6480
    3.7802   18.6500
 
    0.0000   18.5200
    0.0433   18.4980
    0.0866   18.4470
    0.1299   18.3920
    0.1732   18.3490
    0.2165   18.3680
    0.2598   18.4210
    0.3031   18.4640
    0.3464   18.5010
    0.3897   18.5330
    0.4330   18.5600
    0.4763   18.5820
    0.5196   18.6010
    0.5629   18.6160
    0.6062   18.6270
    0.6495   18.6360
    0.6928   18.6420
    0.7361   18.6460
    0.7794   18.6480
    0.8227   18.6490
    0.8660   18.6500
    0.9160   18.6500
    0.9660   18.6490
    1.0160   18.6480
    1.0660   18.6470
    1.1160   18.6450
    1.1660   18.6420
    1.2160   18.6370
    1.2660   18.6310
    1.3160   18.6230
    1.3660   18.6000
    1.4160   18.5740
    1.4660   18.5810
    1.5160   18.5590
    1.5660   18.5310
    1.6160   18.4970
    1.6660   18.4570
    1.7160   18.4130
    1.7660   18.3700
    1.8160   18.3360
    1.8660   18.3240
    1.8910   18.3230
    1.9160   18.3230
    1.9410   18.3320
    1.9660   18.3460
    1.9910   18.3640
    2.0160   18.3880
    2.0410   18.4160
    2.0660   18.4480
    2.0910   18.4820
    2.1160   18.5150
    2.1410   18.5460
    2.1660   18.5720
    2.1910   18.5950
    2.2160   18.6010
    2.2410   18.6000
    2.2660   18.6000
    2.2910   18.6000
    2.3160   18.6000
    2.3410   18.6000
    2.3660   18.6000
    2.3837   18.6000
    2.4014   18.5990
    2.4191   18.5990
    2.4367   18.5990
    2.4544   18.5980
    2.4721   18.5970
    2.4898   18.5960
    2.5074   18.5940
    2.5251   18.5920
    2.5428   18.5900
    2.5605   18.5860
    2.5782   18.5820
    2.5958   18.5760
    2.6135   18.5690
    2.6312   18.5610
    2.6489   18.5510
    2.6665   18.5400
    2.6842   18.5290
    2.7019   18.5170
    2.7196   18.5100
    2.7726   18.5410
    2.8256   18.5670
    2.8787   18.5930
    2.9317   18.6140
    2.9847   18.5990
    3.0378   18.5840
    3.0908   18.5720
    3.1438   18.5690
    3.1969   18.5700
    3.2499   18.5760
    3.3029   18.5850
    3.3560   18.5960
    3.4090   18.6070
    3.4620   18.6180
    3.5151   18.6270
    3.5681   18.6350
    3.6211   18.6420
    3.6742   18.6460
    3.7272   18.6490
    3.7802   18.6500
 
    0.0000   18.5900
    0.0433   18.5920
    0.0866   18.6000
    0.1299   18.6010
    0.1732   18.5850
    0.2165   18.5680
    0.2598   18.5490
    0.3031   18.5340
    0.3464   18.5260
    0.3897   18.5330
    0.4330   18.5600
    0.4763   18.5820
    0.5196   18.6010
    0.5629   18.6160
    0.6062   18.6270
    0.6495   18.6360
    0.6928   18.6420
    0.7361   18.6460
    0.7794   18.6480
    0.8227   18.6490
    0.8660   18.6500
    0.9160   18.6500
    0.9660   18.6490
    1.0160   18.6480
    1.0660   18.6470
    1.1160   18.6450
    1.1660   18.6420
    1.2160   18.6370
    1.2660   18.6310
    1.3160   18.6230
    1.3660   18.6130
    1.4160   18.5990
    1.4660   18.5810
    1.5160   18.5590
    1.5660   18.5310
    1.6160   18.5360
    1.6660   18.5620
    1.7160   18.5820
    1.7660   18.5950
    1.8160   18.6030
    1.8660   18.5890
    1.8910   18.5990
    1.9160   18.6050
    1.9410   18.6050
    1.9660   18.6050
    1.9910   18.6050
    2.0160   18.6040
    2.0410   18.6040
    2.0660   18.6030
    2.0910   18.6030
    2.1160   18.6020
    2.1410   18.6020
    2.1660   18.6020
    2.1910   18.6010
    2.2160   18.6130
    2.2410   18.6280
    2.2660   18.6190
    2.2910   18.6120
    2.3160   18.6060
    2.3410   18.6020
    2.3660   18.6010
    2.3837   18.6010
    2.4014   18.6020
    2.4191   18.6030
    2.4367   18.6050
    2.4544   18.6070
    2.4721   18.6090
    2.4898   18.6110
    2.5074   18.6130
    2.5251   18.6160
    2.5428   18.6180
    2.5605   18.6200
    2.5782   18.6220
    2.5958   18.6240
    2.6135   18.6230
    2.6312   18.6210
    2.6489   18.6190
    2.6665   18.6180
    2.6842   18.6180
    2.7019   18.6170
    2.7196   18.6170
    2.7726   18.5990
    2.8256   18.5690
    2.8787   18.5930
    2.9317   18.6140
    2.9847   18.6320
    3.0378   18.6050
    3.0908   18.5730
    3.1438   18.5730
    3.1969   18.5890
    3.2499   18.6100
    3.3029   18.6320
    3.3560   18.6450
    3.4090   18.6450
    3.4620   18.6460
    3.5151   18.6470
    3.5681   18.6480
    3.6211   18.6480
    3.6742   18.6490
    3.7272   18.6500
    3.7802   18.6500
 
    0.0000   18.5900
    0.0433   18.5920
    0.0866   18.6000
    0.1299   18.6120
    0.1732   18.6260
    0.2165   18.6390
    0.2598   18.6520
    0.3031   18.6630
    0.3464   18.6720
    0.3897   18.6800
    0.4330   18.6870
    0.4763   18.6930
    0.5196   18.6980
    0.5629   18.7040
    0.6062   18.7090
    0.6495   18.7140
    0.6928   18.7190
    0.7361   18.7240
    0.7794   18.7270
    0.8227   18.7290
    0.8660   18.7300
    0.9160   18.7290
    0.9660   18.7250
    1.0160   18.7190
    1.0660   18.7110
    1.1160   18.7000
    1.1660   18.6860
    1.2160   18.6690
    1.2660   18.6490
    1.3160   18.6260
    1.3660   18.6130
    1.4160   18.5990
    1.4660   18.6160
    1.5160   18.6660
    1.5660   18.7140
    1.6160   18.7150
    1.6660   18.7160
    1.7160   18.7170
    1.7660   18.7180
    1.8160   18.6580
    1.8660   18.6050
    1.8910   18.6050
    1.9160   18.6250
    1.9410   18.6580
    1.9660   18.6890
    1.9910   18.7010
    2.0160   18.6990
    2.0410   18.6950
    2.0660   18.6890
    2.0910   18.6820
    2.1160   18.6740
    2.1410   18.6650
    2.1660   18.6560
    2.1910   18.6460
    2.2160   18.6370
    2.2410   18.6280
    2.2660   18.6410
    2.2910   18.6510
    2.3160   18.6600
    2.3410   18.6670
    2.3660   18.6740
    2.3837   18.6710
    2.4014   18.6670
    2.4191   18.6640
    2.4367   18.6600
    2.4544   18.6570
    2.4721   18.6530
    2.4898   18.6480
    2.5074   18.6440
    2.5251   18.6400
    2.5428   18.6360
    2.5605   18.6320
    2.5782   18.6280
    2.5958   18.6250
    2.6135   18.6250
    2.6312   18.6260
    2.6489   18.6270
    2.6665   18.6270
    2.6842   18.6280
    2.7019   18.6280
    2.7196   18.6280
    2.7726   18.6300
    2.8256   18.6420
    2.8787   18.6420
    2.9317   18.6330
    2.9847   18.6550
    3.0378   18.6480
    3.0908   18.6540
    3.1438   18.6510
    3.1969   18.6480
    3.2499   18.6460
    3.3029   18.6450
    3.3560   18.6520
    3.4090   18.6700
    3.4620   18.6850
    3.5151   18.6980
    3.5681   18.7090
    3.6211   18.7170
    3.6742   18.7250
    3.7272   18.7290
    3.7802   18.7300
 
