-0.999 1.46951598735e-05 
-0.998 1.47263189074e-05 
-0.997 1.47575771624e-05 
-0.996 1.47889350603e-05 
-0.995 1.48203930251e-05 
-0.994 1.48519514831e-05 
-0.993 1.48836108628e-05 
-0.992 1.4915371595e-05 
-0.991 1.4947234113e-05 
-0.99 1.49791988522e-05 
-0.989 1.50112662503e-05 
-0.988 1.50434367475e-05 
-0.987 1.50757107863e-05 
-0.986 1.51080888115e-05 
-0.985 1.51405712705e-05 
-0.984 1.51731586129e-05 
-0.983 1.52058512908e-05 
-0.982 1.52386497587e-05 
-0.981 1.52715544736e-05 
-0.98 1.5304565895e-05 
-0.979 1.53376844849e-05 
-0.978 1.53709107076e-05 
-0.977 1.54042450302e-05 
-0.976 1.54376879221e-05 
-0.975 1.54712398555e-05 
-0.974 1.55049013048e-05 
-0.973 1.55386727474e-05 
-0.972 1.55725546631e-05 
-0.971 1.56065475343e-05 
-0.97 1.5640651846e-05 
-0.969 1.56748680861e-05 
-0.968 1.57091967448e-05 
-0.967 1.57436383152e-05 
-0.966 1.57781932933e-05 
-0.965 1.58128621774e-05 
-0.964 1.58476454688e-05 
-0.963 1.58825436716e-05 
-0.962 1.59175572926e-05 
-0.961 1.59526868412e-05 
-0.96 1.59879328301e-05 
-0.959 1.60232957743e-05 
-0.958 1.60587761921e-05 
-0.957 1.60943746043e-05 
-0.956 1.61300915349e-05 
-0.955 1.61659275106e-05 
-0.954 1.62018830611e-05 
-0.953 1.6237958719e-05 
-0.952 1.62741550201e-05 
-0.951 1.63104725029e-05 
-0.95 1.6346911709e-05 
-0.949 1.63834731832e-05 
-0.948 1.6420157473e-05 
-0.947 1.64569651293e-05 
-0.946 1.64938967059e-05 
-0.945 1.65309527598e-05 
-0.944 1.65681338512e-05 
-0.943 1.66054405433e-05 
-0.942 1.66428734025e-05 
-0.941 1.66804329984e-05 
-0.9399 1.67218956188e-05 
-0.9389 1.67597232305e-05 
-0.9379 1.67976793654e-05 
-0.9369 1.68357646066e-05 
-0.9359 1.68739795402e-05 
-0.9349 1.69123247558e-05 
-0.9339 1.69508008466e-05 
-0.9329 1.69894084088e-05 
-0.9319 1.70281480421e-05 
-0.9309 1.70670203498e-05 
-0.9299 1.71060259385e-05 
-0.9289 1.71451654182e-05 
-0.9279 1.71844394026e-05 
-0.9269 1.72238485088e-05 
-0.9259 1.72633933574e-05 
-0.9249 1.73030745727e-05 
-0.9239 1.73428927824e-05 
-0.9229 1.7382848618e-05 
-0.9219 1.74229427146e-05 
-0.9209 1.7463175711e-05 
-0.9199 1.75035482495e-05 
-0.9189 1.75440609763e-05 
-0.9179 1.75847145414e-05 
-0.9169 1.76255095984e-05 
-0.9159 1.76664468047e-05 
-0.9149 1.77075268217e-05 
-0.9139 1.77487503145e-05 
-0.9129 1.77901179522e-05 
-0.9119 1.78316304076e-05 
-0.9109 1.78732883576e-05 
-0.9099 1.79150924831e-05 
-0.9089 1.79570434689e-05 
-0.9079 1.79991420037e-05 
-0.9069 1.80413887804e-05 
-0.9059 1.80837844961e-05 
-0.9049 1.81263298516e-05 
-0.9039 1.81690255523e-05 
-0.9029 1.82118723074e-05 
-0.9019 1.82548708304e-05 
-0.9009 1.82980218391e-05 
-0.8999 1.83413260555e-05 
-0.8989 1.83847842058e-05 
-0.8979 1.84283970206e-05 
-0.8969 1.84721652348e-05 
-0.8959 1.85160895877e-05 
-0.8949 1.85601708231e-05 
-0.8939 1.86044096889e-05 
-0.8929 1.86488069378e-05 
-0.8919 1.8693363327e-05 
-0.8909 1.87380796179e-05 
-0.8899 1.87829565768e-05 
-0.8889 1.88279949745e-05 
-0.8879 1.88731955863e-05 
-0.8869 1.89185591923e-05 
-0.8859 1.89640865773e-05 
-0.8849 1.90097785308e-05 
-0.8839 1.9055635847e-05 
-0.8829 1.91016593249e-05 
-0.8819 1.91478497685e-05 
-0.8809 1.91942079864e-05 
-0.8799 1.92407347924e-05 
-0.8789 1.92874310051e-05 
-0.8779 1.93342974479e-05 
-0.8769 1.93813349495e-05 
-0.8759 1.94285443436e-05 
-0.8749 1.94759264687e-05 
-0.8739 1.95234821688e-05 
-0.8729 1.95712122929e-05 
-0.8719 1.96191176952e-05 
-0.8709 1.9667199235e-05 
-0.8699 1.97154577771e-05 
-0.8689 1.97638941915e-05 
-0.8679 1.98125093536e-05 
-0.8669 1.98613041442e-05 
-0.8659 1.99102794494e-05 
-0.8649 1.99594361609e-05 
-0.8639 2.00087751759e-05 
-0.8629 2.00582973971e-05 
-0.8619 2.01080037329e-05 
-0.8609 2.01578950972e-05 
-0.8599 2.02079724098e-05 
-0.8589 2.02582365959e-05 
-0.8579 2.03086885867e-05 
-0.8569 2.03593293191e-05 
-0.8559 2.0410159736e-05 
-0.8549 2.0461180786e-05 
-0.8539 2.05123934238e-05 
-0.8529 2.056379861e-05 
-0.8519 2.06153973111e-05 
-0.8509 2.06671905001e-05 
-0.8499 2.07191791556e-05 
-0.8489 2.07713642627e-05 
-0.8479 2.08237468126e-05 
-0.8469 2.08763278028e-05 
-0.8459 2.09291082371e-05 
-0.8449 2.09820891256e-05 
-0.8439 2.10352714848e-05 
-0.8429 2.10886563379e-05 
-0.8419 2.11422447142e-05 
-0.8409 2.11960376499e-05 
-0.8399 2.12500361876e-05 
-0.8389 2.13042413766e-05 
-0.8379 2.13586542729e-05 
-0.8369 2.14132759394e-05 
-0.8359 2.14681074455e-05 
-0.8349 2.15231498678e-05 
-0.8339 2.15784042895e-05 
-0.8329 2.1633871801e-05 
-0.8319 2.16895534997e-05 
-0.8309 2.174545049e-05 
-0.8299 2.18015638833e-05 
-0.8289 2.18578947984e-05 
-0.8279 2.19144443613e-05 
-0.8269 2.19712137053e-05 
-0.8259 2.20282039709e-05 
-0.8249 2.20854163062e-05 
-0.8239 2.21428518667e-05 
-0.8229 2.22005118154e-05 
-0.8219 2.22583973229e-05 
-0.8209 2.23165095674e-05 
-0.8198 2.23806963334e-05 
-0.8188 2.24392885954e-05 
-0.8178 2.24981112962e-05 
-0.8168 2.25571656461e-05 
-0.8158 2.26164528633e-05 
-0.8148 2.2675974174e-05 
-0.8138 2.27357308125e-05 
-0.8128 2.27957240213e-05 
-0.8118 2.28559550509e-05 
-0.8108 2.29164251603e-05 
-0.8098 2.29771356168e-05 
-0.8088 2.3038087696e-05 
-0.8078 2.30992826822e-05 
-0.8068 2.3160721868e-05 
-0.8058 2.32224065546e-05 
-0.8048 2.32843380522e-05 
-0.8038 2.33465176795e-05 
-0.8028 2.3408946764e-05 
-0.8018 2.34716266422e-05 
-0.8008 2.35345586595e-05 
-0.7998 2.35977441704e-05 
-0.7988 2.36611845384e-05 
-0.7978 2.37248811363e-05 
-0.7968 2.37888353461e-05 
-0.7958 2.38530485591e-05 
-0.7948 2.39175221761e-05 
-0.7938 2.39822576074e-05 
-0.7928 2.40472562727e-05 
-0.7918 2.41125196014e-05 
-0.7908 2.41780490327e-05 
-0.7898 2.42438460156e-05 
-0.7888 2.43099120089e-05 
-0.7878 2.43762484813e-05 
-0.7868 2.44428569117e-05 
-0.7858 2.4509738789e-05 
-0.7848 2.45768956125e-05 
-0.7838 2.46443288914e-05 
-0.7828 2.47120401458e-05 
-0.7818 2.47800309057e-05 
-0.7808 2.48483027122e-05 
-0.7798 2.49168571165e-05 
-0.7788 2.4985695681e-05 
-0.7778 2.50548199786e-05 
-0.7768 2.51242315932e-05 
-0.7758 2.51939321197e-05 
-0.7748 2.5263923164e-05 
-0.7738 2.53342063434e-05 
-0.7728 2.54047832863e-05 
-0.7718 2.54756556324e-05 
-0.7708 2.5546825033e-05 
-0.7698 2.56182931508e-05 
-0.7688 2.56900616605e-05 
-0.7678 2.57621322481e-05 
-0.7668 2.58345066117e-05 
-0.7658 2.59071864614e-05 
-0.7648 2.59801735191e-05 
-0.7638 2.60534695192e-05 
-0.7628 2.61270762081e-05 
-0.7618 2.62009953447e-05 
-0.7608 2.62752287001e-05 
-0.7598 2.63497780584e-05 
-0.7588 2.64246452161e-05 
-0.7578 2.64998319825e-05 
-0.7568 2.65753401799e-05 
-0.7558 2.66511716436e-05 
-0.7548 2.67273282218e-05 
-0.7538 2.68038117762e-05 
-0.7528 2.68806241818e-05 
-0.7518 2.6957767327e-05 
-0.7508 2.70352431137e-05 
-0.7498 2.71130534577e-05 
-0.7488 2.71912002885e-05 
-0.7478 2.72696855494e-05 
-0.7468 2.73485111981e-05 
-0.7458 2.74276792061e-05 
-0.7448 2.75071915594e-05 
-0.7438 2.75870502584e-05 
-0.7428 2.76672573181e-05 
-0.7418 2.7747814768e-05 
-0.7408 2.78287246527e-05 
-0.7398 2.79099890314e-05 
-0.7388 2.79916099786e-05 
-0.7378 2.8073589584e-05 
-0.7368 2.81559299524e-05 
-0.7358 2.82386332044e-05 
-0.7348 2.83217014759e-05 
-0.7338 2.84051369188e-05 
-0.7328 2.84889417007e-05 
-0.7318 2.85731180053e-05 
-0.7308 2.86576680324e-05 
-0.7298 2.87425939983e-05 
-0.7288 2.88278981356e-05 
-0.7278 2.89135826934e-05 
-0.7268 2.89996499378e-05 
-0.7258 2.90861021516e-05 
-0.7248 2.91729416348e-05 
-0.7238 2.92601707045e-05 
-0.7228 2.93477916952e-05 
-0.7218 2.94358069589e-05 
-0.7208 2.95242188653e-05 
-0.7198 2.9613029802e-05 
-0.7188 2.97022421744e-05 
-0.7178 2.97918584063e-05 
-0.7168 2.98818809396e-05 
-0.7158 2.99723122348e-05 
-0.7148 3.00631547712e-05 
-0.7138 3.01544110466e-05 
-0.7128 3.0246083578e-05 
-0.7118 3.03381749016e-05 
-0.7108 3.0430687573e-05 
-0.7098 3.05236241671e-05 
-0.7088 3.06169872787e-05 
-0.7078 3.07107795224e-05 
-0.7068 3.08050035329e-05 
-0.7058 3.08996619652e-05 
-0.7048 3.09947574947e-05 
-0.7038 3.10902928174e-05 
-0.7028 3.11862706501e-05 
-0.7018 3.12826937308e-05 
-0.7008 3.13795648185e-05 
-0.6997 3.14866437823e-05 
-0.6987 3.15844647611e-05 
-0.6977 3.1682742437e-05 
-0.6967 3.17814796583e-05 
-0.6957 3.18806792953e-05 
-0.6947 3.19803442409e-05 
-0.6937 3.20804774105e-05 
-0.6927 3.21810817426e-05 
-0.6917 3.22821601987e-05 
-0.6907 3.23837157635e-05 
-0.6897 3.24857514454e-05 
-0.6887 3.25882702764e-05 
-0.6877 3.26912753126e-05 
-0.6867 3.27947696344e-05 
-0.6857 3.28987563463e-05 
-0.6847 3.30032385778e-05 
-0.6837 3.31082194832e-05 
-0.6827 3.32137022419e-05 
-0.6817 3.33196900587e-05 
-0.6807 3.34261861641e-05 
-0.6797 3.35331938144e-05 
-0.6787 3.36407162921e-05 
-0.6777 3.3748756906e-05 
-0.6767 3.38573189915e-05 
-0.6757 3.39664059111e-05 
-0.6747 3.40760210542e-05 
-0.6737 3.41861678378e-05 
-0.6727 3.42968497065e-05 
-0.6717 3.44080701329e-05 
-0.6707 3.45198326177e-05 
-0.6697 3.46321406902e-05 
-0.6687 3.47449979084e-05 
-0.6677 3.48584078596e-05 
-0.6667 3.49723741602e-05 
-0.6657 3.50869004563e-05 
-0.6647 3.52019904239e-05 
-0.6637 3.53176477694e-05 
-0.6627 3.54338762293e-05 
-0.6617 3.55506795715e-05 
-0.6607 3.56680615946e-05 
-0.6597 3.57860261288e-05 
-0.6587 3.5904577036e-05 
-0.6577 3.60237182101e-05 
-0.6567 3.61434535777e-05 
-0.6557 3.62637870978e-05 
-0.6547 3.63847227624e-05 
-0.6537 3.65062645972e-05 
-0.6527 3.66284166613e-05 
-0.6517 3.6751183048e-05 
-0.6507 3.68745678849e-05 
-0.6497 3.69985753344e-05 
-0.6487 3.7123209594e-05 
-0.6477 3.72484748966e-05 
-0.6467 3.7374375511e-05 
-0.6457 3.75009157419e-05 
-0.6447 3.76280999309e-05 
-0.6437 3.77559324562e-05 
-0.6427 3.78844177335e-05 
-0.6417 3.80135602161e-05 
-0.6407 3.81433643953e-05 
-0.6397 3.82738348009e-05 
-0.6387 3.84049760015e-05 
-0.6377 3.85367926051e-05 
-0.6367 3.86692892591e-05 
-0.6357 3.88024706511e-05 
-0.6347 3.89363415091e-05 
-0.6337 3.90709066022e-05 
-0.6327 3.92061707406e-05 
-0.6317 3.93421387762e-05 
-0.6307 3.94788156033e-05 
-0.6297 3.96162061587e-05 
-0.6287 3.97543154223e-05 
-0.6277 3.98931484176e-05 
-0.6267 4.00327102118e-05 
-0.6257 4.01730059169e-05 
-0.6247 4.03140406897e-05 
-0.6237 4.04558197322e-05 
-0.6227 4.05983482924e-05 
-0.6217 4.07416316649e-05 
-0.6207 4.08856751906e-05 
-0.6197 4.10304842584e-05 
-0.6187 4.11760643044e-05 
-0.6177 4.13224208135e-05 
-0.6167 4.14695593194e-05 
-0.6157 4.16174854051e-05 
-0.6147 4.17662047036e-05 
-0.6137 4.19157228984e-05 
-0.6127 4.20660457238e-05 
-0.6117 4.2217178966e-05 
-0.6107 4.23691284631e-05 
-0.6097 4.25219001059e-05 
-0.6087 4.26754998386e-05 
-0.6077 4.2829933659e-05 
-0.6067 4.29852076196e-05 
-0.6057 4.31413278276e-05 
-0.6047 4.32983004462e-05 
-0.6037 4.34561316945e-05 
-0.6027 4.36148278485e-05 
-0.6017 4.3774395242e-05 
-0.6007 4.39348402663e-05 
-0.5997 4.40961693721e-05 
-0.5987 4.4258389069e-05 
-0.5977 4.44215059268e-05 
-0.5967 4.45855265761e-05 
-0.5957 4.4750457709e-05 
-0.5947 4.49163060792e-05 
-0.5937 4.50830785037e-05 
-0.5927 4.52507818628e-05 
-0.5917 4.54194231007e-05 
-0.5907 4.5589009227e-05 
-0.5897 4.57595473164e-05 
-0.5887 4.59310445105e-05 
-0.5877 4.61035080175e-05 
-0.5867 4.62769451139e-05 
-0.5857 4.64513631447e-05 
-0.5847 4.66267695241e-05 
-0.5837 4.68031717369e-05 
-0.5827 4.69805773386e-05 
-0.5817 4.71589939568e-05 
-0.5807 4.73384292915e-05 
-0.5796 4.75369940571e-05 
-0.5786 4.77185940881e-05 
-0.5776 4.79012371767e-05 
-0.5766 4.80849313295e-05 
-0.5756 4.82696846303e-05 
-0.5746 4.84555052409e-05 
-0.5736 4.86424014016e-05 
-0.5726 4.88303814327e-05 
-0.5716 4.9019453735e-05 
-0.5706 4.92096267909e-05 
-0.5696 4.94009091653e-05 
-0.5686 4.95933095068e-05 
-0.5676 4.97868365482e-05 
-0.5666 4.9981499108e-05 
-0.5656 5.01773060911e-05 
-0.5646 5.03742664897e-05 
-0.5636 5.0572389385e-05 
-0.5626 5.07716839474e-05 
-0.5616 5.09721594381e-05 
-0.5606 5.11738252099e-05 
-0.5596 5.13766907086e-05 
-0.5586 5.15807654738e-05 
-0.5576 5.17860591401e-05 
-0.5566 5.19925814386e-05 
-0.5556 5.22003421973e-05 
-0.5546 5.24093513431e-05 
-0.5536 5.26196189023e-05 
-0.5526 5.28311550023e-05 
-0.5516 5.30439698726e-05 
-0.5506 5.32580738461e-05 
-0.5496 5.34734773601e-05 
-0.5486 5.36901909581e-05 
-0.5476 5.39082252907e-05 
-0.5466 5.41275911169e-05 
-0.5456 5.43482993057e-05 
-0.5446 5.4570360837e-05 
-0.5436 5.47937868036e-05 
-0.5426 5.5018588412e-05 
-0.5416 5.52447769841e-05 
-0.5406 5.54723639587e-05 
-0.5396 5.57013608927e-05 
-0.5386 5.59317794627e-05 
-0.5376 5.61636314664e-05 
-0.5366 5.63969288244e-05 
-0.5356 5.66316835815e-05 
-0.5346 5.68679079081e-05 
-0.5336 5.71056141021e-05 
-0.5326 5.73448145905e-05 
-0.5316 5.75855219307e-05 
-0.5306 5.78277488124e-05 
-0.5296 5.80715080593e-05 
-0.5286 5.83168126307e-05 
-0.5276 5.85636756232e-05 
-0.5266 5.88121102726e-05 
-0.5256 5.90621299556e-05 
-0.5246 5.93137481914e-05 
-0.5236 5.9566978644e-05 
-0.5226 5.98218351236e-05 
-0.5216 6.00783315887e-05 
-0.5206 6.0336482148e-05 
-0.5196 6.05963010623e-05 
-0.5186 6.08578027465e-05 
-0.5176 6.11210017717e-05 
-0.5166 6.1385912867e-05 
-0.5156 6.16525509218e-05 
-0.5146 6.19209309878e-05 
-0.5136 6.2191068281e-05 
-0.5126 6.24629781842e-05 
-0.5116 6.27366762488e-05 
-0.5106 6.30121781974e-05 
-0.5096 6.32894999257e-05 
-0.5086 6.3568657505e-05 
-0.5076 6.38496671846e-05 
-0.5066 6.4132545394e-05 
-0.5056 6.44173087454e-05 
-0.5046 6.47039740362e-05 
-0.5036 6.49925582514e-05 
-0.5026 6.5283078566e-05 
-0.5016 6.55755523478e-05 
-0.5006 6.58699971599e-05 
-0.4996 6.61664307634e-05 
-0.4986 6.64648711198e-05 
-0.4976 6.67653363941e-05 
-0.4966 6.70678449576e-05 
-0.4956 6.73724153902e-05 
-0.4946 6.76790664838e-05 
-0.4936 6.79878172449e-05 
-0.4926 6.82986868978e-05 
-0.4916 6.86116948873e-05 
-0.4906 6.8926860882e-05 
-0.4896 6.92442047772e-05 
-0.4886 6.95637466983e-05 
-0.4876 6.98855070036e-05 
-0.4866 7.02095062881e-05 
-0.4856 7.05357653863e-05 
-0.4846 7.08643053757e-05 
-0.4836 7.11951475805e-05 
-0.4826 7.15283135747e-05 
-0.4816 7.18638251857e-05 
-0.4806 7.2201704498e-05 
-0.4796 7.25419738568e-05 
-0.4786 7.28846558718e-05 
-0.4776 7.32297734207e-05 
-0.4766 7.35773496533e-05 
-0.4756 7.39274079951e-05 
-0.4746 7.42799721517e-05 
-0.4736 7.46350661123e-05 
-0.4726 7.49927141543e-05 
-0.4716 7.5352940847e-05 
-0.4706 7.57157710562e-05 
-0.4696 7.60812299482e-05 
-0.4686 7.64493429945e-05 
-0.4676 7.68201359758e-05 
-0.4666 7.71936349872e-05 
-0.4656 7.75698664419e-05 
-0.4646 7.79488570768e-05 
-0.4636 7.83306339567e-05 
-0.4626 7.87152244792e-05 
-0.4616 7.91026563799e-05 
-0.4606 7.94929577371e-05 
-0.4595 7.99256373894e-05 
-0.4585 8.03220575543e-05 
-0.4575 8.07214364528e-05 
-0.4565 8.11238036232e-05 
-0.4555 8.15291889735e-05 
-0.4545 8.19376227872e-05 
-0.4535 8.23491357287e-05 
-0.4525 8.27637588493e-05 
-0.4515 8.3181523593e-05 
-0.4505 8.36024618024e-05 
-0.4495 8.40266057249e-05 
-0.4485 8.44539880189e-05 
-0.4475 8.48846417599e-05 
-0.4465 8.53186004472e-05 
-0.4455 8.57558980103e-05 
-0.4445 8.61965688154e-05 
-0.4435 8.66406476727e-05 
-0.4425 8.70881698424e-05 
-0.4415 8.75391710427e-05 
-0.4405 8.79936874562e-05 
-0.4395 8.84517557376e-05 
-0.4385 8.8913413021e-05 
-0.4375 8.93786969274e-05 
-0.4365 8.98476455723e-05 
-0.4355 9.0320297574e-05 
-0.4345 9.07966920608e-05 
-0.4335 9.12768686798e-05 
-0.4325 9.17608676048e-05 
-0.4315 9.2248729545e-05 
-0.4305 9.27404957534e-05 
-0.4295 9.32362080354e-05 
-0.4285 9.37359087582e-05 
-0.4275 9.42396408594e-05 
-0.4265 9.47474478564e-05 
-0.4255 9.5259373856e-05 
-0.4245 9.57754635639e-05 
-0.4235 9.62957622942e-05 
-0.4225 9.682031598e-05 
-0.4215 9.73491711829e-05 
-0.4205 9.78823751041e-05 
-0.4195 9.8419975594e-05 
-0.4185 9.8962021164e-05 
-0.4175 9.95085609968e-05 
-0.4165 0.000100059644958 
-0.4155 0.000100615323607 
-0.4145 0.000101175648208 
-0.4135 0.000101740670746 
-0.4125 0.000102310443933 
-0.4115 0.000102885021223 
-0.4105 0.000103464456825 
-0.4095 0.000104048805717 
-0.4085 0.000104638123655 
-0.4075 0.000105232467192 
-0.4065 0.000105831893685 
-0.4055 0.000106436461315 
-0.4045 0.000107046229097 
-0.4035 0.000107661256898 
-0.4025 0.000108281605448 
-0.4015 0.000108907336357 
-0.4005 0.000109538512131 
-0.3995 0.000110175196187 
-0.3985 0.000110817452866 
-0.3975 0.000111465347457 
-0.3965 0.000112118946204 
-0.3955 0.000112778316331 
-0.3945 0.000113443526056 
-0.3935 0.000114114644607 
-0.3925 0.000114791742242 
-0.3915 0.000115474890271 
-0.3905 0.000116164161066 
-0.3895 0.00011685962809 
-0.3885 0.00011756136591 
-0.3875 0.000118269450219 
-0.3865 0.000118983957857 
-0.3855 0.000119704966833 
-0.3845 0.000120432556343 
-0.3835 0.000121166806795 
-0.3825 0.00012190779983 
-0.3815 0.000122655618345 
-0.3805 0.000123410346517 
-0.3795 0.000124172069824 
-0.3785 0.000124940875073 
-0.3775 0.000125716850422 
-0.3765 0.000126500085409 
-0.3755 0.000127290670973 
-0.3745 0.000128088699483 
-0.3735 0.000128894264766 
-0.3725 0.000129707462135 
-0.3715 0.000130528388413 
-0.3705 0.000131357141968 
-0.3695 0.000132193822738 
-0.3685 0.000133038532264 
-0.3675 0.000133891373719 
-0.3665 0.000134752451941 
-0.3655 0.000135621873465 
-0.3645 0.000136499746554 
-0.3635 0.000137386181239 
-0.3625 0.000138281289345 
-0.3615 0.000139185184534 
-0.3605 0.000140097982338 
-0.3595 0.000141019800193 
-0.3585 0.000141950757485 
-0.3575 0.00014289097558 
-0.3565 0.000143840577871 
-0.3555 0.000144799689813 
-0.3545 0.000145768438968 
-0.3535 0.000146746955048 
-0.3525 0.000147735369954 
-0.3515 0.000148733817828 
-0.3505 0.000149742435093 
-0.3495 0.000150761360502 
-0.3485 0.000151790735184 
-0.3475 0.000152830702696 
-0.3465 0.000153881409073 
-0.3455 0.000154943002878 
-0.3445 0.000156015635253 
-0.3435 0.000157099459979 
-0.3425 0.000158194633526 
-0.3415 0.00015930131511 
-0.3405 0.000160419666757 
-0.3394 0.000161663529372 
-0.3384 0.000162806928356 
-0.3374 0.000163962518159 
-0.3364 0.000165130472946 
-0.3354 0.000166310970011 
-0.3344 0.00016750418984 
-0.3334 0.000168710316182 
-0.3324 0.00016992953612 
-0.3314 0.000171162040144 
-0.3304 0.000172408022226 
-0.3294 0.000173667679896 
-0.3284 0.000174941214322 
-0.3274 0.000176228830391 
-0.3264 0.000177530736789 
-0.3254 0.000178847146088 
-0.3244 0.000180178274836 
-0.3234 0.000181524343641 
-0.3224 0.000182885577267 
-0.3214 0.000184262204729 
-0.3204 0.000185654459384 
-0.3194 0.000187062579039 
-0.3184 0.000188486806047 
-0.3174 0.000189927387414 
-0.3164 0.000191384574906 
-0.3154 0.000192858625161 
-0.3144 0.000194349799802 
-0.3134 0.000195858365555 
-0.3124 0.000197384594364 
-0.3114 0.000198928763524 
-0.3104 0.000200491155796 
-0.3094 0.000202072059549 
-0.3084 0.000203671768884 
-0.3074 0.000205290583779 
-0.3064 0.000206928810225 
-0.3054 0.000208586760377 
-0.3044 0.000210264752698 
-0.3034 0.000211963112118 
-0.3024 0.000213682170189 
-0.3014 0.000215422265252 
-0.3004 0.000217183742598 
-0.2994 0.000218966954647 
-0.2984 0.000220772261122 
-0.2974 0.000222600029234 
-0.2964 0.000224450633868 
-0.2954 0.000226324457777 
-0.2944 0.000228221891783 
-0.2934 0.000230143334981 
-0.2924 0.00023208919495 
-0.2914 0.000234059887972 
-0.2904 0.000236055839255 
-0.2894 0.000238077483167 
-0.2884 0.000240125263471 
-0.2874 0.00024219963357 
-0.2864 0.000244301056764 
-0.2854 0.000246430006507 
-0.2844 0.000248586966678 
-0.2834 0.000250772431856 
-0.2824 0.00025298690761 
-0.2814 0.000255230910788 
-0.2804 0.000257504969826 
-0.2794 0.000259809625058 
-0.2784 0.000262145429043 
-0.2774 0.000264512946899 
-0.2764 0.000266912756643 
-0.2754 0.000269345449553 
-0.2744 0.00027181163053 
-0.2734 0.000274311918484 
-0.2724 0.000276846946719 
-0.2714 0.00027941736334 
-0.2704 0.000282023831673 
-0.2694 0.000284667030695 
-0.2684 0.000287347655481 
-0.2674 0.000290066417663 
-0.2664 0.000292824045912 
-0.2654 0.000295621286425 
-0.2644 0.000298458903437 
-0.2634 0.000301337679751 
-0.2624 0.000304258417276 
-0.2614 0.000307221937601 
-0.2604 0.000310229082567 
-0.2594 0.000313280714882 
-0.2584 0.000316377718737 
-0.2574 0.00031952100046 
-0.2564 0.000322711489179 
-0.2554 0.000325950137524 
-0.2544 0.000329237922337 
-0.2534 0.000332575845424 
-0.2524 0.000335964934322 
-0.2514 0.000339406243098 
-0.2504 0.000342900853181 
-0.2494 0.000346449874217 
-0.2484 0.000350054444962 
-0.2474 0.000353715734208 
-0.2464 0.000357434941734 
-0.2454 0.00036121329931 
-0.2444 0.000365052071719 
-0.2434 0.000368952557835 
-0.2424 0.000372916091732 
-0.2414 0.000376944043839 
-0.2404 0.000381037822136 
-0.2394 0.000385198873406 
-0.2384 0.000389428684521 
-0.2374 0.000393728783794 
-0.2364 0.000398100742372 
-0.2354 0.000402546175691 
-0.2344 0.00040706674499 
-0.2334 0.000411664158878 
-0.2324 0.000416340174974 
-0.2314 0.000421096601607 
-0.2304 0.00042593529959 
-0.2294 0.000430858184063 
-0.2284 0.000435867226411 
-0.2274 0.000440964456273 
-0.2264 0.000446151963619 
-0.2254 0.000451431900927 
-0.2244 0.000456806485445 
-0.2234 0.000462278001557 
-0.2224 0.000467848803241 
-0.2214 0.000473521316641 
-0.2204 0.000479298042747 
-0.2193 0.00048577588713 
-0.2183 0.000491779949627 
-0.2173 0.000497896484493 
-0.2163 0.000504128330217 
-0.2153 0.000510478415765 
-0.2143 0.000516949764079 
-0.2133 0.000523545495731 
-0.2123 0.000530268832749 
-0.2113 0.000537123102617 
-0.2103 0.00054411174246 
-0.2093 0.000551238303431 
-0.2083 0.000558506455293 
-0.2073 0.000565919991233 
-0.2063 0.000573482832895 
-0.2053 0.000581199035663 
-0.2043 0.00058907279419 
-0.2033 0.000597108448212 
-0.2023 0.00060531048863 
-0.2013 0.000613683563913 
-0.2003 0.000622232486804 
-0.1993 0.000630962241371 
-0.1983 0.000639877990416 
-0.1973 0.000648985083258 
-0.1963 0.000658289063921 
-0.1953 0.000667795679742 
-0.1943 0.000677510890434 
-0.1933 0.000687440877618 
-0.1923 0.000697592054872 
-0.1913 0.000707971078303 
-0.1903 0.000718584857707 
-0.1893 0.000729440568316 
-0.1883 0.000740545663202 
-0.1873 0.000751907886366 
-0.1863 0.000763535286544 
-0.1853 0.000775436231801 
-0.1843 0.000787619424949 
-0.1833 0.000800093919839 
-0.1823 0.000812869138596 
-0.1813 0.000825954889859 
-0.1803 0.000839361388083 
-0.1793 0.000853099273988 
-0.1783 0.000867179636221 
-0.1773 0.000881614034334 
-0.1763 0.000896414523143 
-0.1753 0.00091159367859 
-0.1743 0.000927164625203 
-0.1733 0.000943141065269 
-0.1723 0.000959537309849 
-0.1713 0.000976368311761 
-0.1703 0.000993649700691 
-0.1693 0.00101139782057 
-0.1683 0.00102962976942 
-0.1673 0.00104836344182 
-0.1663 0.00106761757419 
-0.1653 0.00108741179321 
-0.1643 0.00110776666743 
-0.1633 0.00112870376256 
-0.1623 0.00115024570049 
-0.1613 0.00117241622257 
-0.1603 0.00119524025733 
-0.1593 0.0012187439931 
-0.1583 0.00124295495589 
-0.1573 0.00126790209301 
-0.1563 0.00129361586296 
-0.1553 0.00132012833198 
-0.1543 0.00134747327802 
-0.1533 0.00137568630276 
-0.1523 0.00140480495224 
-0.1513 0.00143486884712 
-0.1503 0.00146591982326 
-0.1493 0.00149800208377 
-0.1483 0.00153116236338 
-0.1473 0.00156545010654 
-0.1463 0.00160091766047 
-0.1453 0.00163762048458 
-0.1443 0.00167561737804 
-0.1433 0.00171497072718 
-0.1423 0.00175574677489 
-0.1413 0.00179801591416 
-0.1403 0.0018418530085 
-0.1393 0.00188733774186 
-0.1383 0.00193455500155 
-0.1373 0.00198359529755 
-0.1363 0.00203455522246 
-0.1353 0.00208753795667 
-0.1343 0.00214265382387 
-0.1333 0.00220002090307 
-0.1323 0.00225976570372 
-0.1313 0.0023220239116 
-0.1303 0.00238694121442 
-0.1293 0.00245467421707 
-0.1283 0.0025253914581 
-0.1273 0.00259927454071 
-0.1263 0.00267651939363 
-0.1253 0.00275733767957 
-0.1243 0.00284195837187 
-0.1233 0.00293062952363 
-0.1223 0.00302362025643 
-0.1213 0.00312122300309 
-0.1203 0.00322375604235 
-0.1193 0.00333156637213 
-0.1183 0.0034450329768 
-0.1173 0.00356457055551 
-0.1163 0.00369063379329 
-0.1153 0.00382372227675 
-0.1143 0.00396438618222 
-0.1133 0.00411323290159 
-0.1123 0.0042709348226 
-0.1113 0.00443823855727 
-0.1103 0.00461597602383 
-0.1093 0.00480507795495 
-0.1083 0.00500659065932 
-0.1073 0.00522169723812 
-0.1063 0.0054517450298 
-0.1053 0.00569828167697 
-0.1043 0.00596310179211 
-0.1033 0.00624826360046 
-0.1023 0.00655785495727 
-0.1013 0.00689310426296 
-0.1003 0.00725892486314 
-0.0992 0.00769556657928 
-0.0982 0.00814001361416 
-0.0972 0.00863500727189 
-0.0962 0.00919235506807 
-0.0952 0.00982833193734 
-0.0942 0.0105656446961 
-0.0932 0.0114362508533 
-0.0922 0.0124853613019 
-0.0912 0.013777112505 
-0.0902 0.0154024739046 
-0.0892 0.0174902834258 
-0.0882 0.0202224037835 
-0.0872 0.0238543898379 
-0.0862 0.0287434064492 
-0.0852 0.0353856582592 
-0.0842 0.0444656757438 
-0.0832 0.0569205733874 
-0.0822 0.0740224059571 
-0.0812 0.0974820259631 
-0.0802 0.12957481357 
-0.0792 0.173289352541 
-0.0782 0.23248838265 
-0.0772 0.312069958907 
-0.0762 0.418087458976 
-0.0752 0.557773582568 
-0.0742 0.739374538748 
-0.0732 0.971669888751 
-0.0722 1.26305540187 
-0.0712 1.62011383772 
-0.0702 2.04573730461 
-0.0692 2.5371199168 
-0.0682 3.08419115285 
-0.0672 3.66928695964 
-0.0662 4.2682454515 
-0.0652 4.85311837046 
-0.0642 5.395688891 
-0.0632 5.87092192896 
-0.0622 6.25941943872 
-0.0612 6.54908959619 
-0.0602 6.73516769432 
-0.0592 6.81975677323 
-0.0582 6.81042507313 
-0.0572 6.71874003712 
-0.0562 6.55859462231 
-0.0552 6.34466102438 
-0.0542 6.0911784913 
-0.0532 5.81104119792 
-0.0522 5.51529944023 
-0.0512 5.21295888608 
-0.0502 4.91108505754 
-0.0492 4.61487532455 
-0.0482 4.32801775894 
-0.0472 4.05292031575 
-0.0462 3.79097019957 
-0.0452 3.54275808119 
-0.0442 3.30829394987 
-0.0432 3.08715701478 
-0.0422 2.87861315722 
-0.0412 2.68170876352 
-0.0402 2.49537830373 
-0.0392 2.31848748826 
-0.0382 2.14989226121 
-0.0372 1.98853716686 
-0.0362 1.83347551654 
-0.0352 1.68390772251 
-0.0342 1.53925836678 
-0.0332 1.39921292272 
-0.0322 1.26372800738 
-0.0312 1.13302093058 
-0.0302 1.00757743665 
-0.0292 0.888081214643 
-0.0282 0.775307972381 
-0.0272 0.670062483627 
-0.0262 0.573052234388 
-0.0252 0.484821815735 
-0.0242 0.405671562378 
-0.0232 0.335652627539 
-0.0222 0.274556533023 
-0.0212 0.221963219559 
-0.0202 0.177281112492 
-0.0192 0.139808350144 
-0.0182 0.108787245322 
-0.0172 0.0834493557883 
-0.0162 0.0630489729563 
-0.0152 0.0468909044398 
-0.0142 0.0343440820987 
-0.0132 0.0248489104955 
-0.0122 0.0179164192163 
-0.0112 0.0131286330818 
-0.0102 0.0101767554559 
-0.0092 0.00921751023369 
-0.0082 0.00847758203788 
-0.0072 0.00782919319306 
-0.0062 0.00722127267267 
-0.0052 0.00661734950338 
-0.0042 0.00598488115166 
-0.0032 0.00529583206002 
-0.0022 0.00453500334319 
-0.0012 0.00371362561859 
-0.0002 0.00287833382565 
0.0008 0.00210077148325 
0.0018 0.00144676871822 
0.0028 0.000947971216034 
0.0038 0.000597697129953 
0.0048 0.000366685404224 
0.0058 0.000220899827632 
0.0068 0.000131547612956 
0.0078 7.77901988387e-05 
0.0088 4.58139557655e-05 
0.0098 2.69218389016e-05 
0.0108 1.58030187215e-05 
0.0118 9.27263162012e-06 
0.0128 5.44091130282e-06 
0.0138 3.19337382881e-06 
0.0148 1.87497724787e-06 
0.0158 1.10139169207e-06 
0.0168 6.47295062997e-07 
0.0178 3.80612472502e-07 
0.0188 2.2391535018e-07 
0.0198 1.31795798529e-07 
0.0209 7.36114668867e-08 
0.0219 4.33711744443e-08 
0.0229 2.55655966283e-08 
0.0239 1.5076599422e-08 
0.0249 8.89482394687e-09 
0.0259 5.24990918975e-09 
0.0269 3.09985166545e-09 
0.0279 1.83104570356e-09 
0.0289 1.08198521563e-09 
0.0299 6.39590943436e-10 
0.0309 3.78213761719e-10 
0.0319 2.23728763875e-10 
0.0329 1.3238885904e-10 
0.0339 7.83649791595e-11 
0.0349 4.64012423005e-11 
0.0359 2.74833968692e-11 
0.0369 1.62832393065e-11 
0.0379 9.65022263633e-12 
0.0389 5.72079880695e-12 
0.0399 3.39231093102e-12 
0.0409 2.01210767116e-12 
0.0419 1.19376940551e-12 
0.0429 7.08435842055e-13 
0.0439 4.20522037954e-13 
0.0449 2.49679308927e-13 
0.0459 1.4827891762e-13 
0.0469 8.80799210006e-14 
0.0479 5.23326545599e-14 
0.0489 3.11003100884e-14 
0.0499 1.84863268052e-14 
0.0509 1.0990777301e-14 
0.0519 6.53575943617e-15 
0.0529 3.88733205994e-15 
0.0539 2.31256144179e-15 
0.0549 1.37600232804e-15 
0.0559 8.1889374637e-16 
0.0569 4.87435037388e-16 
0.0579 2.90191772694e-16 
0.0589 1.72794940429e-16 
0.0599 1.02908911294e-16 
0.0609 6.12984494814e-17 
0.0619 3.65190181508e-17 
0.0629 2.17600751331e-17 
0.0639 1.29679707452e-17 
0.0649 7.72952250577e-18 
0.0659 4.60787871621e-18 
0.0669 2.74736206012e-18 
0.0679 1.63830978995e-18 
0.0689 9.77102788368e-19 
0.0699 5.82837425485e-19 
0.0709 3.47709414357e-19 
0.0719 2.07465661689e-19 
0.0729 1.23804293472e-19 
0.0739 7.38896936845e-20 
0.0749 4.41051910709e-20 
0.0759 2.63300848871e-20 
0.0769 1.57206527088e-20 
0.0779 9.38736551993e-21 
0.0789 5.60622888654e-21 
0.0799 3.34850526445e-21 
0.0809 2.00024575604e-21 
0.0819 1.19499780058e-21 
0.0829 7.14005270973e-22 
0.0839 4.26663508091e-22 
0.0849 2.5498731599e-22 
0.0859 1.52405238508e-22 
0.0869 9.11021683399e-23 
0.0879 5.44633452819e-23 
0.0889 3.25631184714e-23 
0.0899 1.9471215063e-23 
0.0909 1.16440707123e-23 
0.0919 6.96403064702e-24 
0.0929 4.16543085601e-24 
0.0939 2.4917356995e-24 
0.0949 1.49068607078e-24 
0.0959 8.91891419411e-25 
0.0969 5.33677340999e-25 
0.0979 3.19363995103e-25 
0.0989 1.91131817196e-25 
0.0999 1.14398234534e-25 
0.1009 6.84769507404e-26 
0.1019 4.09928141439e-26 
0.1029 2.45419330152e-26 
0.1039 1.46942358191e-26 
0.1049 8.79876977089e-27 
0.1059 5.26905978968e-27 
0.1069 3.15558619047e-27 
0.1079 1.89000193043e-27 
0.1089 1.13208561488e-27 
0.1099 6.78157658958e-28 
0.1109 4.06271170141e-28 
0.1119 2.43407997157e-28 
0.1129 1.45843393749e-28 
0.1139 8.7391933259e-29 
0.1149 5.23706773718e-29 
0.1159 3.13860668691e-29 
0.1169 1.88112245921e-29 
0.1179 1.12753057021e-29 
0.1189 6.75881079685e-30 
0.1199 4.05174951835e-30 
0.1209 2.42909702415e-30 
0.1219 1.45638685532e-30 
0.1229 8.73248612768e-31 
0.1239 5.23634170443e-31 
0.1249 3.14012283455e-31 
0.1259 1.8831874252e-31 
0.1269 1.12945355972e-31 
0.1279 6.77439967316e-32 
0.1289 4.06350259181e-32 
0.1299 2.43757084099e-32 
0.1309 1.46231396017e-32 
0.1319 8.77304550442e-33 
0.1329 5.26364049971e-33 
0.1339 3.15825978647e-33 
0.1349 1.89511247282e-33 
0.1359 1.13722751437e-33 
0.1369 6.82471753944e-34 
0.1379 4.09587494759e-34 
0.1389 2.45828999596e-34 
0.1399 1.47551522667e-34 
0.141 8.41613957778e-35 
0.142 5.05211709057e-35 
0.143 3.03289417993e-35 
0.144 1.82080834621e-35 
0.145 1.09318609699e-35 
0.146 6.56366811843e-36 
0.147 3.94113710402e-36 
0.148 2.36656621051e-36 
0.149 1.42114285384e-36 
0.15 8.53450916356e-37 
0.151 5.12555479217e-37 
0.152 3.07839619767e-37 
0.153 1.84896732627e-37 
0.154 1.11059276306e-37 
0.155 6.67115628623e-38 
0.156 4.0074476801e-38 
0.157 2.40743670041e-38 
0.158 1.44631191899e-38 
0.159 8.68938283356e-39 
0.16 5.22078230565e-39 
0.161 3.13690766292e-39 
0.162 1.88489515164e-39 
0.163 1.13263972041e-39 
0.164 6.80636642153e-40 
0.165 4.09032326953e-40 
0.166 2.45820746749e-40 
0.167 1.47739918401e-40 
0.168 8.87964136528e-41 
0.169 5.33717051107e-41 
0.17 3.20807597727e-41 
0.171 1.92839485497e-41 
0.172 1.15921735124e-41 
0.173 6.96869107995e-42 
0.174 4.18942891875e-42 
0.175 2.51869487448e-42 
0.176 1.5143046516e-42 
0.177 9.10474463576e-43 
0.178 5.47443052789e-43 
0.179 3.29174850966e-43 
0.18 1.9793870336e-43 
0.181 1.19028517923e-43 
0.182 7.15792958307e-44 
0.183 4.30466905822e-44 
0.184 2.58885620999e-44 
0.185 1.55701131558e-44 
0.186 9.36464141973e-45 
0.187 5.63256158016e-45 
0.188 3.3879424645e-45 
0.189 2.03789243532e-45 
0.19 1.22586180581e-45 
0.191 7.37422986374e-46 
0.192 4.43615389951e-46 
0.193 2.66877027381e-46 
0.194 1.60557394482e-46 
0.195 9.65970460114e-47 
0.196 5.81181357691e-47 
0.197 3.49682327253e-47 
0.198 2.10401948149e-47 
0.199 1.26601770739e-47 
