 &plot nbnd=  10, nks=   284 /
            0.000000  0.000000  0.000000
   -5.887    6.039    6.039    6.039    8.600    8.600    8.600    9.310   13.744   13.797
            0.011628  0.011628  0.011628
   -5.885    6.017    6.036    6.036    8.605    8.605    8.606    9.322   13.753   13.790
            0.023256  0.023256  0.023256
   -5.880    5.955    6.027    6.027    8.618    8.618    8.621    9.360   13.770   13.770
            0.034884  0.034884  0.034884
   -5.871    5.855    6.012    6.012    8.638    8.640    8.640    9.425   13.739   13.739
            0.046512  0.046512  0.046512
   -5.858    5.726    5.991    5.991    8.650    8.670    8.670    9.519   13.697   13.697
            0.058140  0.058140  0.058140
   -5.842    5.572    5.965    5.965    8.653    8.708    8.708    9.640   13.646   13.646
            0.069767  0.069767  0.069767
   -5.823    5.400    5.935    5.935    8.646    8.752    8.752    9.784   13.590   13.590
            0.081395  0.081395  0.081395
   -5.800    5.214    5.902    5.902    8.629    8.802    8.802    9.947   13.529   13.529
            0.093023  0.093023  0.093023
   -5.773    5.018    5.864    5.864    8.605    8.856    8.856   10.123   13.467   13.467
            0.104651  0.104651  0.104651
   -5.743    4.814    5.825    5.825    8.574    8.915    8.915   10.309   13.404   13.404
            0.116279  0.116279  0.116279
   -5.710    4.604    5.783    5.783    8.539    8.976    8.976   10.502   13.343   13.343
            0.127907  0.127907  0.127907
   -5.673    4.391    5.740    5.740    8.500    9.038    9.038   10.701   13.286   13.286
            0.139535  0.139535  0.139535
   -5.633    4.174    5.695    5.695    8.458    9.101    9.101   10.902   13.234   13.234
            0.151163  0.151163  0.151163
   -5.589    3.956    5.650    5.650    8.414    9.164    9.164   11.106   13.189   13.189
            0.162791  0.162791  0.162791
   -5.542    3.737    5.605    5.605    8.368    9.225    9.225   11.310   13.152   13.152
            0.174419  0.174419  0.174419
   -5.491    3.518    5.559    5.559    8.322    9.283    9.283   11.515   13.124   13.124
            0.186047  0.186047  0.186047
   -5.438    3.299    5.514    5.514    8.275    9.338    9.338   11.720   13.107   13.107
            0.197674  0.197674  0.197674
   -5.381    3.081    5.469    5.469    8.229    9.388    9.388   11.923   13.101   13.101
            0.209302  0.209302  0.209302
   -5.321    2.864    5.425    5.425    8.182    9.432    9.432   12.126   13.108   13.108
            0.220930  0.220930  0.220930
   -5.257    2.648    5.382    5.382    8.136    9.471    9.471   12.326   13.129   13.129
            0.232558  0.232558  0.232558
   -5.191    2.435    5.341    5.341    8.091    9.503    9.503   12.524   13.163   13.163
            0.244186  0.244186  0.244186
   -5.122    2.224    5.300    5.300    8.047    9.529    9.529   12.718   13.211   13.211
            0.255814  0.255814  0.255814
   -5.050    2.015    5.261    5.261    8.004    9.548    9.548   12.907   13.273   13.273
            0.267442  0.267442  0.267442
   -4.975    1.810    5.223    5.223    7.963    9.561    9.561   13.088   13.349   13.349
            0.279070  0.279070  0.279070
   -4.897    1.607    5.187    5.187    7.923    9.569    9.569   13.258   13.439   13.439
            0.290698  0.290698  0.290698
   -4.818    1.408    5.152    5.152    7.885    9.570    9.570   13.413   13.541   13.541
            0.302326  0.302326  0.302326
   -4.735    1.212    5.119    5.119    7.848    9.568    9.568   13.546   13.656   13.656
            0.313953  0.313953  0.313953
   -4.651    1.021    5.088    5.088    7.813    9.561    9.561   13.651   13.782   13.782
            0.325581  0.325581  0.325581
   -4.565    0.834    5.058    5.058    7.780    9.551    9.551   13.723   13.919   13.919
            0.337209  0.337209  0.337209
   -4.478    0.651    5.031    5.031    7.749    9.538    9.538   13.764   14.066   14.066
            0.348837  0.348837  0.348837
   -4.389    0.474    5.005    5.005    7.720    9.523    9.523   13.781   14.223   14.223
            0.360465  0.360465  0.360465
   -4.300    0.302    4.981    4.981    7.693    9.508    9.508   13.780   14.388   14.388
            0.372093  0.372093  0.372093
   -4.211    0.137    4.958    4.958    7.668    9.491    9.491   13.769   14.561   14.561
            0.383721  0.383721  0.383721
   -4.122   -0.021    4.938    4.938    7.645    9.475    9.475   13.750   14.741   14.741
            0.395349  0.395349  0.395349
   -4.035   -0.172    4.920    4.920    7.624    9.459    9.459   13.729   14.928   14.928
            0.406977  0.406977  0.406977
   -3.950   -0.313    4.903    4.903    7.605    9.443    9.443   13.707   15.121   15.121
            0.418605  0.418605  0.418605
   -3.868   -0.444    4.889    4.889    7.589    9.429    9.429   13.686   15.320   15.320
            0.430233  0.430233  0.430233
   -3.792   -0.564    4.876    4.876    7.574    9.416    9.416   13.666   15.522   15.522
            0.441860  0.441860  0.441860
   -3.723   -0.670    4.866    4.866    7.562    9.404    9.404   13.648   15.728   15.728
            0.453488  0.453488  0.453488
   -3.662   -0.761    4.857    4.857    7.552    9.395    9.395   13.633   15.934   15.934
            0.465116  0.465116  0.465116
   -3.611   -0.835    4.850    4.850    7.544    9.387    9.387   13.621   16.138   16.138
            0.476744  0.476744  0.476744
   -3.574   -0.889    4.845    4.845    7.539    9.381    9.381   13.612   16.328   16.328
            0.488372  0.488372  0.488372
   -3.550   -0.923    4.842    4.842    7.536    9.378    9.378   13.607   16.484   16.484
            0.500000  0.500000  0.500000
   -3.543   -0.934    4.841    4.841    7.534    9.377    9.377   13.605   16.551   16.551
            0.488372  0.488372  0.511628
   -3.542   -0.932    4.827    4.837    7.549    9.373    9.384   13.613   16.452   16.550
            0.476744  0.476744  0.523256
   -3.540   -0.925    4.785    4.826    7.591    9.362    9.405   13.636   16.237   16.547
            0.465116  0.465116  0.534884
   -3.536   -0.915    4.718    4.808    7.656    9.345    9.441   13.672   15.985   16.541
            0.453488  0.453488  0.546512
   -3.531   -0.900    4.630    4.783    7.741    9.325    9.490   13.718   15.723   16.535
            0.441860  0.441860  0.558140
   -3.525   -0.881    4.525    4.751    7.837    9.305    9.552   13.768   15.465   16.526
            0.430233  0.430233  0.569767
   -3.517   -0.859    4.406    4.714    7.937    9.290    9.627   13.812   15.225   16.518
            0.418605  0.418605  0.581395
   -3.508   -0.832    4.279    4.671    8.032    9.288    9.714   13.830   15.021   16.509
            0.406977  0.406977  0.593023
   -3.497   -0.803    4.144    4.624    8.112    9.307    9.812   13.794   14.882   16.500
            0.395349  0.395349  0.604651
   -3.484   -0.770    4.005    4.573    8.169    9.355    9.920   13.682   14.829   16.492
            0.383721  0.383721  0.616279
   -3.470   -0.734    3.864    4.519    8.196    9.437   10.039   13.500   14.855   16.485
            0.372093  0.372093  0.627907
   -3.454   -0.696    3.721    4.463    8.194    9.552   10.167   13.273   14.932   16.479
            0.360465  0.360465  0.639535
   -3.436   -0.656    3.580    4.404    8.167    9.696   10.303   13.023   15.038   16.475
            0.348837  0.348837  0.651163
   -3.416   -0.615    3.440    4.344    8.123    9.862   10.448   12.760   15.159   16.472
            0.337209  0.337209  0.662791
   -3.394   -0.572    3.303    4.283    8.066   10.044   10.600   12.491   15.288   16.471
            0.325581  0.325581  0.674419
   -3.371   -0.530    3.170    4.221    8.001   10.237   10.760   12.221   15.418   16.472
            0.313953  0.313953  0.686047
   -3.345   -0.488    3.043    4.160    7.931   10.439   10.926   11.952   15.545   16.475
            0.302326  0.302326  0.697674
   -3.317   -0.448    2.922    4.098    7.857   10.644   11.098   11.688   15.668   16.480
            0.290698  0.290698  0.709302
   -3.287   -0.411    2.808    4.037    7.781   10.840   11.276   11.441   15.783   16.487
            0.279070  0.279070  0.720930
   -3.254   -0.377    2.704    3.977    7.706   10.949   11.288   11.459   15.889   16.496
            0.267442  0.267442  0.732558
   -3.219   -0.349    2.610    3.919    7.630   10.801   11.399   11.648   15.986   16.507
            0.255814  0.255814  0.744186
   -3.182   -0.328    2.529    3.861    7.555   10.563   11.607   11.842   16.074   16.521
            0.244186  0.244186  0.755814
   -3.142   -0.314    2.460    3.805    7.482   10.312   11.834   12.040   16.154   16.536
            0.232558  0.232558  0.767442
   -3.100   -0.310    2.406    3.751    7.411   10.061   12.067   12.242   16.225   16.554
            0.220930  0.220930  0.779070
   -3.056   -0.317    2.367    3.698    7.342    9.813   12.305   12.449   16.291   16.573
            0.209302  0.209302  0.790698
   -3.009   -0.334    2.344    3.648    7.276    9.568   12.545   12.659   16.350   16.594
            0.197674  0.197674  0.802326
   -2.959   -0.363    2.337    3.600    7.213    9.328   12.787   12.872   16.404   16.617
            0.186047  0.186047  0.813953
   -2.907   -0.402    2.345    3.554    7.152    9.093   13.030   13.089   16.454   16.641
            0.174419  0.174419  0.825581
   -2.853   -0.452    2.368    3.510    7.095    8.863   13.274   13.308   16.501   16.667
            0.162791  0.162791  0.837209
   -2.796   -0.511    2.404    3.469    7.041    8.640   13.517   13.529   16.544   16.694
            0.151163  0.151163  0.848837
   -2.736   -0.579    2.451    3.431    6.990    8.423   13.752   13.760   16.585   16.721
            0.139535  0.139535  0.860465
   -2.674   -0.653    2.508    3.395    6.943    8.214   13.976   14.002   16.624   16.749
            0.127907  0.127907  0.872093
   -2.609   -0.733    2.572    3.361    6.899    8.013   14.201   14.242   16.661   16.778
            0.116279  0.116279  0.883721
   -2.542   -0.818    2.643    3.331    6.859    7.821   14.425   14.478   16.695   16.806
            0.104651  0.104651  0.895349
   -2.472   -0.906    2.717    3.303    6.823    7.639   14.647   14.709   16.729   16.833
            0.093023  0.093023  0.906977
   -2.399   -0.997    2.792    3.278    6.790    7.469   14.866   14.934   16.760   16.858
            0.081395  0.081395  0.918605
   -2.325   -1.089    2.867    3.256    6.762    7.312   15.080   15.150   16.790   16.882
            0.069767  0.069767  0.930233
   -2.248   -1.183    2.939    3.237    6.737    7.169   15.286   15.354   16.819   16.902
            0.058140  0.058140  0.941860
   -2.168   -1.277    3.007    3.221    6.717    7.043   15.480   15.541   16.847   16.919
            0.046512  0.046512  0.953488
   -2.087   -1.371    3.066    3.207    6.701    6.935   15.657   15.707   16.874   16.931
            0.034884  0.034884  0.965116
   -2.003   -1.465    3.115    3.197    6.690    6.846   15.811   15.846   16.898   16.937
            0.023256  0.023256  0.976744
   -1.918   -1.558    3.152    3.189    6.685    6.778   15.932   15.950   16.919   16.940
            0.011628  0.011628  0.988372
   -1.830   -1.650    3.176    3.185    6.688    6.731   16.010   16.016   16.934   16.940
            0.000000  0.000000  1.000000
   -1.741   -1.741    3.183    3.183    6.702    6.702   16.038   16.038   16.939   16.939
            0.000000  0.000000  0.983607
   -1.867   -1.613    3.184    3.184    6.675    6.733   16.009   16.009   16.968   16.968
            0.000000  0.000000  0.967213
   -1.992   -1.485    3.188    3.188    6.650    6.767   15.932   15.932   17.046   17.046
            0.000000  0.000000  0.950820
   -2.115   -1.354    3.193    3.193    6.629    6.804   15.824   15.824   17.157   17.157
            0.000000  0.000000  0.934426
   -2.237   -1.223    3.200    3.200    6.611    6.845   15.697   15.697   17.285   17.285
            0.000000  0.000000  0.918033
   -2.357   -1.090    3.210    3.210    6.596    6.888   15.559   15.559   17.425   17.425
            0.000000  0.000000  0.901639
   -2.475   -0.956    3.222    3.222    6.584    6.935   15.416   15.416   17.572   17.572
            0.000000  0.000000  0.885246
   -2.592   -0.821    3.236    3.236    6.575    6.986   15.269   15.269   17.541   17.722
            0.000000  0.000000  0.868852
   -2.708   -0.685    3.252    3.252    6.569    7.040   15.119   15.119   17.405   17.691
            0.000000  0.000000  0.852459
   -2.821   -0.548    3.270    3.270    6.566    7.097   14.968   14.968   17.271   17.536
            0.000000  0.000000  0.836066
   -2.933   -0.410    3.290    3.290    6.565    7.158   14.817   14.817   17.140   17.380
            0.000000  0.000000  0.819672
   -3.043   -0.271    3.312    3.312    6.568    7.222   14.665   14.665   17.010   17.222
            0.000000  0.000000  0.803279
   -3.152   -0.132    3.336    3.336    6.573    7.289   14.512   14.512   16.884   17.061
            0.000000  0.000000  0.786885
   -3.258    0.009    3.363    3.363    6.582    7.360   14.360   14.360   16.760   16.900
            0.000000  0.000000  0.770492
   -3.363    0.151    3.391    3.391    6.593    7.434   14.208   14.208   16.639   16.737
            0.000000  0.000000  0.754098
   -3.466    0.293    3.422    3.422    6.606    7.512   14.056   14.056   16.520   16.573
            0.000000  0.000000  0.737705
   -3.567    0.435    3.455    3.455    6.623    7.594   13.905   13.905   16.403   16.407
            0.000000  0.000000  0.721311
   -3.666    0.579    3.489    3.489    6.642    7.678   13.753   13.753   16.239   16.289
            0.000000  0.000000  0.704918
   -3.763    0.723    3.526    3.526    6.663    7.767   13.603   13.603   16.071   16.178
            0.000000  0.000000  0.688525
   -3.858    0.867    3.565    3.565    6.687    7.858   13.452   13.452   15.902   16.069
            0.000000  0.000000  0.672131
   -3.951    1.012    3.605    3.605    6.714    7.953   13.303   13.303   15.732   15.963
            0.000000  0.000000  0.655738
   -4.042    1.157    3.648    3.648    6.743    8.051   13.153   13.153   15.562   15.859
            0.000000  0.000000  0.639344
   -4.131    1.303    3.693    3.693    6.775    8.153   13.005   13.005   15.391   15.757
            0.000000  0.000000  0.622951
   -4.218    1.449    3.739    3.739    6.809    8.257   12.857   12.857   15.220   15.658
            0.000000  0.000000  0.606557
   -4.303    1.595    3.788    3.788    6.845    8.365   12.709   12.709   15.049   15.562
            0.000000  0.000000  0.590164
   -4.386    1.741    3.838    3.838    6.883    8.476   12.562   12.562   14.879   15.468
            0.000000  0.000000  0.573770
   -4.467    1.888    3.891    3.891    6.924    8.589   12.416   12.416   14.709   15.377
            0.000000  0.000000  0.557377
   -4.546    2.034    3.945    3.945    6.967    8.705   12.270   12.270   14.538   15.288
            0.000000  0.000000  0.540984
   -4.622    2.180    4.001    4.001    7.011    8.824   12.125   12.125   14.369   15.202
            0.000000  0.000000  0.524590
   -4.697    2.327    4.059    4.059    7.058    8.944   11.981   11.981   14.201   15.119
            0.000000  0.000000  0.508197
   -4.769    2.473    4.118    4.118    7.107    9.067   11.837   11.837   14.035   15.037
            0.000000  0.000000  0.491803
   -4.839    2.620    4.179    4.179    7.157    9.190   11.695   11.695   13.871   14.959
            0.000000  0.000000  0.475410
   -4.907    2.766    4.242    4.242    7.209    9.315   11.553   11.553   13.709   14.883
            0.000000  0.000000  0.459016
   -4.973    2.912    4.307    4.307    7.263    9.440   11.412   11.412   13.551   14.809
            0.000000  0.000000  0.442623
   -5.036    3.057    4.373    4.373    7.318    9.565   11.272   11.272   13.397   14.739
            0.000000  0.000000  0.426230
   -5.098    3.203    4.440    4.440    7.375    9.688   11.133   11.133   13.247   14.670
            0.000000  0.000000  0.409836
   -5.157    3.347    4.509    4.509    7.433    9.809   10.995   10.995   13.105   14.605
            0.000000  0.000000  0.393443
   -5.214    3.492    4.579    4.579    7.492    9.925   10.858   10.858   12.970   14.541
            0.000000  0.000000  0.377049
   -5.268    3.635    4.651    4.651    7.552   10.035   10.723   10.723   12.845   14.481
            0.000000  0.000000  0.360656
   -5.320    3.778    4.723    4.723    7.613   10.136   10.589   10.589   12.732   14.422
            0.000000  0.000000  0.344262
   -5.370    3.920    4.797    4.797    7.674   10.225   10.456   10.456   12.634   14.367
            0.000000  0.000000  0.327869
   -5.418    4.062    4.871    4.871    7.736   10.299   10.326   10.326   12.556   14.314
            0.000000  0.000000  0.311475
   -5.464    4.202    4.947    4.947    7.799   10.197   10.197   10.352   12.501   14.263
            0.000000  0.000000  0.295082
   -5.507    4.340    5.023    5.023    7.861   10.070   10.070   10.383   12.471   14.216
            0.000000  0.000000  0.278689
   -5.548    4.478    5.099    5.099    7.923    9.945    9.945   10.390   12.469   14.170
            0.000000  0.000000  0.262295
   -5.586    4.613    5.175    5.175    7.984    9.823    9.823   10.371   12.495   14.128
            0.000000  0.000000  0.245902
   -5.623    4.746    5.252    5.252    8.045    9.703    9.703   10.331   12.545   14.088
            0.000000  0.000000  0.229508
   -5.657    4.877    5.328    5.328    8.104    9.587    9.587   10.271   12.617   14.050
            0.000000  0.000000  0.213115
   -5.688    5.006    5.403    5.403    8.162    9.474    9.474   10.198   12.705   14.015
            0.000000  0.000000  0.196721
   -5.718    5.130    5.478    5.478    8.219    9.364    9.364   10.114   12.806   13.983
            0.000000  0.000000  0.180328
   -5.745    5.251    5.550    5.550    8.273    9.260    9.260   10.023   12.915   13.953
            0.000000  0.000000  0.163934
   -5.769    5.368    5.621    5.621    8.324    9.159    9.159    9.929   13.028   13.926
            0.000000  0.000000  0.147541
   -5.791    5.479    5.689    5.689    8.372    9.065    9.065    9.834   13.143   13.901
            0.000000  0.000000  0.131148
   -5.811    5.583    5.753    5.753    8.417    8.976    8.976    9.741   13.257   13.879
            0.000000  0.000000  0.114754
   -5.829    5.680    5.814    5.814    8.458    8.895    8.895    9.653   13.366   13.860
            0.000000  0.000000  0.098361
   -5.844    5.768    5.869    5.869    8.494    8.822    8.822    9.570   13.468   13.843
            0.000000  0.000000  0.081967
   -5.857    5.847    5.918    5.918    8.526    8.757    8.757    9.496   13.561   13.829
            0.000000  0.000000  0.065574
   -5.868    5.913    5.960    5.960    8.552    8.702    8.702    9.432   13.642   13.817
            0.000000  0.000000  0.049180
   -5.876    5.967    5.994    5.994    8.573    8.659    8.659    9.380   13.707   13.793
            0.000000  0.000000  0.032787
   -5.882    6.007    6.019    6.019    8.588    8.626    8.626    9.342   13.756   13.766
            0.000000  0.000000  0.016393
   -5.886    6.031    6.034    6.034    8.597    8.607    8.607    9.318   13.750   13.786
            0.000000  0.000000  0.000000
   -5.887    6.039    6.039    6.039    8.600    8.600    8.600    9.310   13.744   13.797
           -0.006667  0.006667  0.006667
   -5.886    6.032    6.038    6.038    8.602    8.602    8.602    9.314   13.747   13.794
           -0.013333  0.013333  0.013333
   -5.884    6.011    6.035    6.035    8.606    8.606    8.608    9.326   13.755   13.788
           -0.020000  0.020000  0.020000
   -5.882    5.976    6.030    6.030    8.614    8.614    8.616    9.347   13.768   13.777
           -0.026667  0.026667  0.026667
   -5.877    5.929    6.023    6.023    8.624    8.624    8.626    9.376   13.762   13.762
           -0.033333  0.033333  0.033333
   -5.872    5.870    6.014    6.014    8.636    8.637    8.637    9.415   13.743   13.743
           -0.040000  0.040000  0.040000
   -5.866    5.802    6.003    6.003    8.644    8.653    8.653    9.463   13.721   13.721
           -0.046667  0.046667  0.046667
   -5.858    5.724    5.991    5.991    8.650    8.671    8.671    9.520   13.696   13.696
           -0.053333  0.053333  0.053333
   -5.849    5.638    5.977    5.977    8.653    8.692    8.692    9.587   13.668   13.668
           -0.060000  0.060000  0.060000
   -5.840    5.546    5.961    5.961    8.653    8.715    8.715    9.662   13.638   13.638
           -0.066667  0.066667  0.066667
   -5.828    5.448    5.944    5.944    8.649    8.740    8.740    9.744   13.605   13.605
           -0.073333  0.073333  0.073333
   -5.816    5.345    5.925    5.925    8.642    8.767    8.767    9.832   13.571   13.571
           -0.080000  0.080000  0.080000
   -5.803    5.237    5.906    5.906    8.632    8.796    8.796    9.926   13.536   13.536
           -0.086667  0.086667  0.086667
   -5.788    5.126    5.885    5.885    8.619    8.826    8.826   10.025   13.501   13.501
           -0.093333  0.093333  0.093333
   -5.773    5.013    5.863    5.863    8.604    8.858    8.858   10.128   13.465   13.465
           -0.100000  0.100000  0.100000
   -5.756    4.897    5.841    5.841    8.587    8.891    8.891   10.234   13.429   13.429
           -0.106667  0.106667  0.106667
   -5.738    4.778    5.818    5.818    8.568    8.925    8.925   10.342   13.393   13.393
           -0.113333  0.113333  0.113333
   -5.719    4.658    5.794    5.794    8.548    8.960    8.960   10.453   13.358   13.358
           -0.120000  0.120000  0.120000
   -5.698    4.536    5.769    5.769    8.527    8.996    8.996   10.565   13.325   13.325
           -0.126667  0.126667  0.126667
   -5.677    4.414    5.744    5.744    8.504    9.032    9.032   10.679   13.292   13.292
           -0.133333  0.133333  0.133333
   -5.655    4.290    5.719    5.719    8.480    9.068    9.068   10.794   13.261   13.261
           -0.140000  0.140000  0.140000
   -5.631    4.165    5.693    5.693    8.456    9.104    9.104   10.910   13.232   13.232
           -0.146667  0.146667  0.146667
   -5.606    4.041    5.668    5.668    8.431    9.140    9.140   11.027   13.206   13.206
           -0.153333  0.153333  0.153333
   -5.580    3.915    5.642    5.642    8.405    9.175    9.175   11.144   13.181   13.181
           -0.160000  0.160000  0.160000
   -5.553    3.790    5.615    5.615    8.379    9.210    9.210   11.261   13.160   13.160
           -0.166667  0.166667  0.166667
   -5.525    3.664    5.589    5.589    8.353    9.245    9.245   11.379   13.142   13.142
           -0.173333  0.173333  0.173333
   -5.496    3.538    5.563    5.563    8.327    9.278    9.278   11.496   13.126   13.126
           -0.180000  0.180000  0.180000
   -5.466    3.413    5.537    5.537    8.300    9.310    9.310   11.613   13.115   13.115
           -0.186667  0.186667  0.186667
   -5.435    3.287    5.512    5.512    8.273    9.340    9.340   11.731   13.106   13.106
           -0.193333  0.193333  0.193333
   -5.402    3.162    5.486    5.486    8.246    9.370    9.370   11.847   13.102   13.102
           -0.200000  0.200000  0.200000
   -5.369    3.037    5.460    5.460    8.219    9.397    9.397   11.964   13.102   13.102
           -0.206667  0.206667  0.206667
   -5.335    2.913    5.435    5.435    8.193    9.423    9.423   12.080   13.106   13.106
           -0.213333  0.213333  0.213333
   -5.299    2.789    5.410    5.410    8.166    9.446    9.446   12.196   13.114   13.114
           -0.220000  0.220000  0.220000
   -5.263    2.666    5.386    5.386    8.140    9.468    9.468   12.311   13.127   13.127
           -0.226667  0.226667  0.226667
   -5.225    2.543    5.362    5.362    8.114    9.488    9.488   12.425   13.144   13.144
           -0.233333  0.233333  0.233333
   -5.187    2.421    5.338    5.338    8.088    9.505    9.505   12.537   13.166   13.166
           -0.240000  0.240000  0.240000
   -5.147    2.300    5.314    5.314    8.063    9.521    9.521   12.649   13.192   13.192
           -0.246667  0.246667  0.246667
   -5.107    2.179    5.292    5.292    8.038    9.534    9.534   12.759   13.223   13.223
           -0.253333  0.253333  0.253333
   -5.065    2.060    5.269    5.269    8.014    9.545    9.545   12.867   13.259   13.259
           -0.260000  0.260000  0.260000
   -5.023    1.941    5.247    5.247    7.989    9.554    9.554   12.973   13.299   13.299
           -0.266667  0.266667  0.266667
   -4.980    1.823    5.225    5.225    7.966    9.561    9.561   13.076   13.344   13.344
           -0.273333  0.273333  0.273333
   -4.936    1.707    5.204    5.204    7.943    9.566    9.566   13.176   13.393   13.393
           -0.280000  0.280000  0.280000
   -4.891    1.591    5.184    5.184    7.920    9.569    9.569   13.271   13.446   13.446
           -0.286667  0.286667  0.286667
   -4.846    1.476    5.164    5.164    7.898    9.570    9.570   13.361   13.504   13.504
           -0.293333  0.293333  0.293333
   -4.799    1.363    5.144    5.144    7.876    9.570    9.570   13.445   13.566   13.566
           -0.300000  0.300000  0.300000
   -4.752    1.251    5.125    5.125    7.855    9.568    9.568   13.521   13.632   13.632
           -0.306667  0.306667  0.306667
   -4.704    1.140    5.107    5.107    7.835    9.565    9.565   13.589   13.701   13.701
           -0.313333  0.313333  0.313333
   -4.656    1.031    5.089    5.089    7.815    9.561    9.561   13.646   13.775   13.775
           -0.320000  0.320000  0.320000
   -4.607    0.923    5.072    5.072    7.796    9.556    9.556   13.692   13.852   13.852
           -0.326667  0.326667  0.326667
   -4.557    0.816    5.056    5.056    7.777    9.550    9.550   13.728   13.932   13.932
           -0.333333  0.333333  0.333333
   -4.507    0.711    5.040    5.040    7.759    9.542    9.542   13.754   14.016   14.016
           -0.340000  0.340000  0.340000
   -4.457    0.608    5.024    5.024    7.742    9.535    9.535   13.770   14.103   14.103
           -0.346667  0.346667  0.346667
   -4.406    0.506    5.009    5.009    7.725    9.526    9.526   13.779   14.193   14.193
           -0.353333  0.353333  0.353333
   -4.355    0.407    4.995    4.995    7.709    9.517    9.517   13.782   14.285   14.285
           -0.360000  0.360000  0.360000
   -4.304    0.309    4.982    4.982    7.694    9.508    9.508   13.781   14.381   14.381
           -0.366667  0.366667  0.366667
   -4.252    0.213    4.969    4.969    7.679    9.499    9.499   13.775   14.479   14.479
           -0.373333  0.373333  0.373333
   -4.201    0.120    4.956    4.956    7.665    9.489    9.489   13.767   14.580   14.580
           -0.380000  0.380000  0.380000
   -4.150    0.028    4.944    4.944    7.652    9.480    9.480   13.757   14.683   14.683
           -0.386667  0.386667  0.386667
   -4.100   -0.060    4.933    4.933    7.639    9.471    9.471   13.745   14.788   14.788
           -0.393333  0.393333  0.393333
   -4.050   -0.146    4.923    4.923    7.627    9.461    9.461   13.733   14.895   14.895
           -0.400000  0.400000  0.400000
   -4.000   -0.229    4.913    4.913    7.616    9.452    9.452   13.721   15.005   15.005
           -0.406667  0.406667  0.406667
   -3.952   -0.309    4.904    4.904    7.606    9.443    9.443   13.708   15.116   15.116
           -0.413333  0.413333  0.413333
   -3.905   -0.386    4.895    4.895    7.596    9.435    9.435   13.695   15.229   15.229
           -0.420000  0.420000  0.420000
   -3.859   -0.459    4.887    4.887    7.587    9.427    9.427   13.683   15.344   15.344
           -0.426667  0.426667  0.426667
   -3.815   -0.529    4.880    4.880    7.578    9.419    9.419   13.672   15.460   15.460
           -0.433333  0.433333  0.433333
   -3.773   -0.594    4.873    4.873    7.571    9.412    9.412   13.661   15.577   15.577
           -0.440000  0.440000  0.440000
   -3.733   -0.654    4.867    4.867    7.564    9.406    9.406   13.651   15.695   15.695
           -0.446667  0.446667  0.446667
   -3.696   -0.710    4.862    4.862    7.558    9.400    9.400   13.641   15.813   15.813
           -0.453333  0.453333  0.453333
   -3.662   -0.760    4.857    4.857    7.552    9.395    9.395   13.633   15.931   15.931
           -0.460000  0.460000  0.460000
   -3.632   -0.805    4.853    4.853    7.548    9.390    9.390   13.626   16.049   16.049
           -0.466667  0.466667  0.466667
   -3.606   -0.843    4.849    4.849    7.544    9.386    9.386   13.619   16.164   16.164
           -0.473333  0.473333  0.473333
   -3.583   -0.875    4.846    4.846    7.540    9.383    9.383   13.614   16.275   16.275
           -0.480000  0.480000  0.480000
   -3.566   -0.901    4.844    4.844    7.538    9.380    9.380   13.610   16.377   16.377
           -0.486667  0.486667  0.486667
   -3.553   -0.919    4.843    4.843    7.536    9.378    9.378   13.607   16.465   16.465
           -0.493333  0.493333  0.493333
   -3.545   -0.930    4.842    4.842    7.535    9.377    9.377   13.605   16.528   16.528
           -0.500000  0.500000  0.500000
   -3.543   -0.934    4.841    4.841    7.534    9.377    9.377   13.605   16.551   16.551
           -0.483607  0.500000  0.500000
   -3.544   -0.931    4.833    4.841    7.542    9.376    9.379   13.609   16.503   16.523
           -0.467213  0.500000  0.500000
   -3.546   -0.922    4.808    4.840    7.563    9.375    9.386   13.622   16.384   16.447
           -0.450820  0.500000  0.500000
   -3.551   -0.908    4.768    4.838    7.599    9.374    9.398   13.642   16.230   16.343
           -0.434426  0.500000  0.500000
   -3.558   -0.887    4.714    4.835    7.645    9.372    9.415   13.670   16.061   16.223
           -0.418033  0.500000  0.500000
   -3.566   -0.862    4.647    4.832    7.702    9.371    9.437   13.705   15.886   16.093
           -0.401639  0.500000  0.500000
   -3.576   -0.830    4.569    4.828    7.767    9.371    9.463   13.745   15.708   15.957
           -0.385246  0.500000  0.500000
   -3.587   -0.794    4.482    4.824    7.838    9.372    9.493   13.788   15.529   15.821
           -0.368852  0.500000  0.500000
   -3.599   -0.753    4.387    4.819    7.912    9.377    9.528   13.834   15.351   15.686
           -0.352459  0.500000  0.500000
   -3.612   -0.707    4.285    4.814    7.987    9.386    9.568   13.879   15.174   15.556
           -0.336066  0.500000  0.500000
   -3.627   -0.657    4.179    4.808    8.062    9.401    9.611   13.919   14.998   15.434
           -0.319672  0.500000  0.500000
   -3.641   -0.602    4.069    4.802    8.133    9.423    9.659   13.950   14.825   15.325
           -0.303279  0.500000  0.500000
   -3.656   -0.544    3.955    4.796    8.200    9.454    9.711   13.964   14.654   15.236
           -0.286885  0.500000  0.500000
   -3.672   -0.482    3.839    4.789    8.259    9.495    9.766   13.956   14.486   15.171
           -0.270492  0.500000  0.500000
   -3.687   -0.417    3.722    4.783    8.311    9.546    9.825   13.921   14.320   15.134
           -0.254098  0.500000  0.500000
   -3.702   -0.349    3.604    4.776    8.354    9.609    9.887   13.858   14.158   15.126
           -0.237705  0.500000  0.500000
   -3.717   -0.279    3.485    4.769    8.389    9.683    9.952   13.770   13.999   15.142
           -0.221311  0.500000  0.500000
   -3.732   -0.206    3.367    4.763    8.415    9.768   10.021   13.663   13.843   15.174
           -0.204918  0.500000  0.500000
   -3.746   -0.132    3.250    4.756    8.435    9.862   10.091   13.542   13.692   15.218
           -0.188525  0.500000  0.500000
   -3.759   -0.056    3.135    4.750    8.448    9.963   10.164   13.412   13.545   15.266
           -0.172131  0.500000  0.500000
   -3.771    0.020    3.022    4.744    8.457   10.071   10.238   13.275   13.403   15.316
           -0.155738  0.500000  0.500000
   -3.783    0.096    2.912    4.739    8.462   10.185   10.312   13.136   13.266   15.364
           -0.139344  0.500000  0.500000
   -3.794    0.172    2.806    4.734    8.465   10.301   10.387   12.994   13.135   15.407
           -0.122951  0.500000  0.500000
   -3.804    0.245    2.704    4.729    8.465   10.421   10.462   12.853   13.012   15.446
           -0.106557  0.500000  0.500000
   -3.812    0.316    2.610    4.725    8.465   10.534   10.541   12.714   12.896   15.480
           -0.090164  0.500000  0.500000
   -3.820    0.383    2.522    4.721    8.464   10.602   10.660   12.578   12.791   15.508
           -0.073770  0.500000  0.500000
   -3.826    0.443    2.445    4.718    8.462   10.666   10.776   12.448   12.697   15.531
           -0.057377  0.500000  0.500000
   -3.831    0.495    2.379    4.716    8.460   10.721   10.885   12.329   12.617   15.548
           -0.040984  0.500000  0.500000
   -3.835    0.537    2.326    4.714    8.459   10.766   10.981   12.225   12.553   15.561
           -0.024590  0.500000  0.500000
   -3.838    0.567    2.290    4.713    8.458   10.798   11.055   12.145   12.509   15.570
           -0.008197  0.500000  0.500000
   -3.839    0.582    2.271    4.712    8.457   10.815   11.097   12.100   12.486   15.574
            0.008197  0.500000  0.500000
   -3.839    0.582    2.271    4.712    8.457   10.815   11.097   12.100   12.486   15.574
            0.024590  0.500000  0.500000
   -3.838    0.567    2.290    4.713    8.458   10.798   11.055   12.145   12.509   15.570
            0.040984  0.500000  0.500000
   -3.835    0.537    2.326    4.714    8.459   10.766   10.981   12.225   12.553   15.561
            0.057377  0.500000  0.500000
   -3.831    0.495    2.379    4.716    8.460   10.721   10.885   12.329   12.617   15.548
            0.073770  0.500000  0.500000
   -3.826    0.443    2.445    4.718    8.462   10.666   10.776   12.448   12.697   15.531
            0.090164  0.500000  0.500000
   -3.820    0.383    2.522    4.721    8.464   10.602   10.660   12.578   12.791   15.508
            0.106557  0.500000  0.500000
   -3.812    0.316    2.610    4.725    8.465   10.534   10.541   12.714   12.896   15.480
            0.122951  0.500000  0.500000
   -3.804    0.245    2.704    4.729    8.465   10.421   10.462   12.853   13.012   15.446
            0.139344  0.500000  0.500000
   -3.794    0.172    2.806    4.734    8.465   10.301   10.387   12.994   13.135   15.407
            0.155738  0.500000  0.500000
   -3.783    0.096    2.912    4.739    8.462   10.185   10.312   13.136   13.266   15.364
            0.172131  0.500000  0.500000
   -3.771    0.020    3.022    4.744    8.457   10.071   10.238   13.275   13.403   15.316
            0.188525  0.500000  0.500000
   -3.759   -0.056    3.135    4.750    8.448    9.963   10.164   13.412   13.545   15.266
            0.204918  0.500000  0.500000
   -3.746   -0.132    3.250    4.756    8.435    9.862   10.091   13.542   13.692   15.218
            0.221311  0.500000  0.500000
   -3.732   -0.206    3.367    4.763    8.415    9.768   10.021   13.663   13.843   15.174
            0.237705  0.500000  0.500000
   -3.717   -0.279    3.485    4.769    8.389    9.683    9.952   13.770   13.999   15.142
            0.254098  0.500000  0.500000
   -3.702   -0.349    3.604    4.776    8.354    9.609    9.887   13.858   14.158   15.126
            0.270492  0.500000  0.500000
   -3.687   -0.417    3.722    4.783    8.311    9.546    9.825   13.921   14.320   15.134
            0.286885  0.500000  0.500000
   -3.672   -0.482    3.839    4.789    8.259    9.495    9.766   13.956   14.486   15.171
            0.303279  0.500000  0.500000
   -3.656   -0.544    3.955    4.796    8.200    9.454    9.711   13.964   14.654   15.236
            0.319672  0.500000  0.500000
   -3.641   -0.602    4.069    4.802    8.133    9.423    9.659   13.950   14.825   15.325
            0.336066  0.500000  0.500000
   -3.627   -0.657    4.179    4.808    8.062    9.401    9.611   13.919   14.998   15.434
            0.352459  0.500000  0.500000
   -3.612   -0.707    4.285    4.814    7.987    9.386    9.568   13.879   15.174   15.556
            0.368852  0.500000  0.500000
   -3.599   -0.753    4.387    4.819    7.912    9.377    9.528   13.834   15.351   15.686
            0.385246  0.500000  0.500000
   -3.587   -0.794    4.482    4.824    7.838    9.372    9.493   13.788   15.529   15.821
            0.401639  0.500000  0.500000
   -3.576   -0.830    4.569    4.828    7.767    9.371    9.463   13.745   15.708   15.957
            0.418033  0.500000  0.500000
   -3.566   -0.862    4.647    4.832    7.702    9.371    9.437   13.705   15.886   16.093
            0.434426  0.500000  0.500000
   -3.558   -0.887    4.714    4.835    7.645    9.372    9.415   13.670   16.061   16.223
            0.450820  0.500000  0.500000
   -3.551   -0.908    4.768    4.838    7.599    9.374    9.398   13.642   16.230   16.343
            0.467213  0.500000  0.500000
   -3.546   -0.922    4.808    4.840    7.563    9.375    9.386   13.622   16.384   16.447
            0.483607  0.500000  0.500000
   -3.544   -0.931    4.833    4.841    7.542    9.376    9.379   13.609   16.503   16.523
            0.500000  0.500000  0.500000
   -3.543   -0.934    4.841    4.841    7.534    9.377    9.377   13.605   16.551   16.551
