1 -989.47224266 
2 -988.74437396 
3 -988.80078206 
4 -988.70550358 
5 -988.70901812 
6 -988.69236858 
7 -988.70002925 
8 -988.69210117 
9 -988.70899928 
10 -988.70730996 
11 -988.70204948 
12 -988.69884534 
13 -988.70345841 
14 -988.70478946 
15 -988.70279944 
16 -988.69873412 
17 -988.70382188 
18 -988.70407053 
19 -988.70504410 
20 -988.70284836
21 -988.70484585 
22 -988.70400555 
23 -988.70400046 
24 -988.70386068 
25 -988.70357675 
26 -988.70277507 
27 -988.70192644 
28 -988.70250670 
29 -988.70298036 
30 -988.70358547 
 
