1  -150.74138067 
2  -151.31135382 
3  -151.36775427 
4  -151.35852040 
5  -151.35558123 
6  -151.35691516 
7  -151.35245915 
8  -151.35346345 
9  -151.35638353
10  -151.35328043
11  -151.35415163
12  -151.35420611
13  -151.35313612
14  -151.35445642
15  -151.35262228
16  -151.35485246
17  -151.35430502
18  -151.35423941 
19  -151.35444353
20  -151.35362772
21  -151.35396715
22  -151.35410387
23  -151.35394242
24  -151.35408827
25  -151.35404262
26  -151.35400308 
27  -151.35422637 
28  -151.35409069 
29  -151.35412370 
30  -151.35405858
