#                                                           
#  __  __   ________   ___ __ __    _______   ______        
# /_/\/_/\ /_______/\ /__//_//_/\ /_______/\ /_____/\       
# \ \ \ \ \\::: _  \ \\::\| \| \ \\::: _  \ \\:::_ \ \      
#  \:\_\ \ \\::(_)  \ \\:.      \ \\::(_)  \/_\:\ \ \ \     
#   \::::_\/ \:: __  \ \\:.\-/\  \ \\::  _  \ \\:\ \ \ \    
#     \::\ \  \:.\ \  \ \\. \  \  \ \\::(_)  \ \\:\_\ \ \   
#      \__\/   \__\/\__\/ \__\/ \__\/ \_______\/ \_____\/   
#                                                           
#                                                           
# GPL Version 4.2.0 Revision 109. (Based on r.10030 h.c8f2c8
#                        MPI Build                          
#                http://www.yambo-code.org                  
#
QPDBs                          # [R] Quasi-particle databases
QPDB_edit                      # [R] Generation/editing
%QPkrange            # [QPDB] Correction( kp1| kp2| bnd1| bnd2| E-Eo[eV]| Img(E)[eV]| Re[Z] |)
  1|  1|   1| 232|   -0.067327|    0.006658|    0.819049|
  1|  1| 233|1000|    0.880221|   -0.006892|    0.827415|
  2|  2|   1| 232|   -0.189474|    0.007868|    0.817179|
  2|  2| 233|1000|    0.896788|   -0.007690|    0.827261|
  3|  3|   1| 232|   -0.391255|    0.009823|    0.814523|
  3|  3| 233|1000|    0.982381|   -0.009333|    0.827789|
  4|  4|   1| 232|   -0.085195|    0.006979|    0.817691|
  4|  4| 233|1000|    0.867528|   -0.007186|    0.826838|
  5|  5|   1| 232|   -0.255985|    0.008645|    0.815415|
  5|  5| 233|1000|    0.922752|   -0.008187|    0.826107|
  6|  6|   1| 232|   -0.494588|    0.010840|    0.812808|
  6|  6| 233|1000|    1.022364|   -0.009960|    0.825829|
  7|  7|   1| 232|   -0.163004|    0.007875|    0.816173|
  7|  7| 233|1000|    0.933997|   -0.008360|    0.827310|
  8|  8|   1| 232|   -0.339061|    0.009549|    0.813532|
  8|  8| 233|1000|    0.977321|   -0.009179|    0.825972|
  9|  9|   1| 232|   -0.587047|    0.011789|    0.810938|
  9|  9| 233|1000|    1.092881|   -0.011171|    0.823343|
 10| 10|   1| 232|   -0.165154|    0.007681|    0.817301|
 10| 10| 233|1000|    0.891570|   -0.007643|    0.827056|
 11| 11|   1| 232|   -0.202410|    0.007986|    0.817149|
 11| 11| 233|1000|    0.931502|   -0.008212|    0.828010|
 12| 12|   1| 232|   -0.324395|    0.009118|    0.815785|
 12| 12| 233|1000|    0.971635|   -0.009021|    0.827664|
 13| 13|   1| 232|   -0.258394|    0.008682|    0.815309|
 13| 13| 233|1000|    0.923302|   -0.008213|    0.826020|
 14| 14|   1| 232|   -0.259073|    0.008650|    0.815455|
 14| 14| 233|1000|    0.948310|   -0.008701|    0.827388|
 15| 15|   1| 232|   -0.426886|    0.010137|    0.813971|
 15| 15| 233|1000|    1.000226|   -0.009548|    0.826352|
 16| 16|   1| 232|   -0.354222|    0.009655|    0.813506|
 16| 16| 233|1000|    0.979908|   -0.009241|    0.825970|
 17| 17|   1| 232|   -0.363976|    0.009747|    0.813275|
 17| 17| 233|1000|    0.990866|   -0.009613|    0.827696|
 18| 18|   1| 232|   -0.534598|    0.011203|    0.812068|
 18| 18| 233|1000|    1.032539|   -0.010303|    0.826005|
 19| 19|   1| 232|   -0.371996|    0.009698|    0.814485|
 19| 19| 233|1000|    0.982777|   -0.009339|    0.827496|
 20| 20|   1| 232|   -0.312954|    0.009051|    0.815776|
 20| 20| 233|1000|    0.972022|   -0.009029|    0.827520|
 21| 21|   1| 232|   -0.270234|    0.008583|    0.816593|
 21| 21| 233|1000|    0.973152|   -0.008868|    0.828225|
 22| 22|   1| 232|   -0.485839|    0.010790|    0.812687|
 22| 22| 233|1000|    1.024153|   -0.009972|    0.825455|
 23| 23|   1| 232|   -0.428910|    0.010173|    0.813840|
 23| 23| 233|1000|    1.000025|   -0.009551|    0.826218|
 24| 24|   1| 232|   -0.329207|    0.009230|    0.815029|
 24| 24| 233|1000|    0.985234|   -0.009298|    0.827732|
 25| 25|   1| 232|   -0.568124|    0.011648|    0.811097|
 25| 25| 233|1000|    1.098327|   -0.011247|    0.822778|
 26| 26|   1| 232|   -0.532109|    0.011192|    0.812181|
 26| 26| 233|1000|    1.035700|   -0.010315|    0.825754|
 27| 27|   1| 232|   -0.410414|    0.010073|    0.813128|
 27| 27| 233|1000|    1.006590|   -0.009892|    0.827904|
 28| 28|   1| 232|   -0.255973|    0.008646|    0.815409|
 28| 28| 233|1000|    0.922632|   -0.008186|    0.826104|
 29| 29|   1| 232|   -0.202386|    0.007987|    0.817134|
 29| 29| 233|1000|    0.931139|   -0.008206|    0.828002|
 30| 30|   1| 232|   -0.258155|    0.008681|    0.815322|
 30| 30| 233|1000|    0.923165|   -0.008213|    0.826038|
 31| 31|   1| 232|   -0.258757|    0.008648|    0.815420|
 31| 31| 233|1000|    0.947945|   -0.008696|    0.827382|
 32| 32|   1| 232|   -0.259066|    0.008651|    0.815472|
 32| 32| 233|1000|    0.948230|   -0.008701|    0.827393|
 33| 33|   1| 232|   -0.258705|    0.008648|    0.815451|
 33| 33| 233|1000|    0.947945|   -0.008695|    0.827381|
 34| 34|   1| 232|   -0.426893|    0.010137|    0.813955|
 34| 34| 233|1000|    1.000229|   -0.009548|    0.826331|
 35| 35|   1| 232|   -0.365006|    0.009756|    0.813199|
 35| 35| 233|1000|    0.990641|   -0.009610|    0.827696|
 36| 36|   1| 232|   -0.428936|    0.010174|    0.813847|
 36| 36| 233|1000|    0.999892|   -0.009551|    0.826207|
%
