#                                                           
#  __  __   ________   ___ __ __    _______   ______        
# /_/\/_/\ /_______/\ /__//_//_/\ /_______/\ /_____/\       
# \ \ \ \ \\::: _  \ \\::\| \| \ \\::: _  \ \\:::_ \ \      
#  \:\_\ \ \\::(_)  \ \\:.      \ \\::(_)  \/_\:\ \ \ \     
#   \::::_\/ \:: __  \ \\:.\-/\  \ \\::  _  \ \\:\ \ \ \    
#     \::\ \  \:.\ \  \ \\. \  \  \ \\::(_)  \ \\:\_\ \ \   
#      \__\/   \__\/\__\/ \__\/ \__\/ \_______\/ \_____\/   
#                                                           
#                                                           
# GPL Version 4.2.0 Revision 109. (Based on r.10030 h.c8f2c8
#                        MPI Build                          
#                http://www.yambo-code.org                  
#
QPDBs                          # [R] Quasi-particle databases
QPDB_edit                      # [R] Generation/editing
%QPkrange            # [QPDB] Correction( kp1| kp2| bnd1| bnd2| E-Eo[eV]| Img(E)[eV]| Re[Z] |)
  1|  1|   1| 232|   -0.059448|    0.006814|    0.813296|
  1|  1| 233|1000|    0.833993|   -0.007307|    0.820667|
  2|  2|   1| 232|   -0.176614|    0.008085|    0.811285|
  2|  2| 233|1000|    0.847054|   -0.008147|    0.820380|
  3|  3|   1| 232|   -0.369773|    0.010126|    0.808515|
  3|  3| 233|1000|    0.924827|   -0.009873|    0.820576|
  4|  4|   1| 232|   -0.076357|    0.007143|    0.811911|
  4|  4| 233|1000|    0.820239|   -0.007615|    0.820009|
  5|  5|   1| 232|   -0.239917|    0.008888|    0.809490|
  5|  5| 233|1000|    0.870609|   -0.008671|    0.819078|
  6|  6|   1| 232|   -0.468746|    0.011174|    0.806717|
  6|  6| 233|1000|    0.961531|   -0.010523|    0.818398|
  7|  7|   1| 232|   -0.150472|    0.008070|    0.810408|
  7|  7| 233|1000|    0.881432|   -0.008843|    0.820355|
  8|  8|   1| 232|   -0.319170|    0.009818|    0.807579|
  8|  8| 233|1000|    0.920505|   -0.009714|    0.818759|
  9|  9|   1| 232|   -0.557254|    0.012149|    0.804855|
  9|  9| 233|1000|    1.025825|   -0.011877|    0.815518|
 10| 10|   1| 232|   -0.153071|    0.007890|    0.811423|
 10| 10| 233|1000|    0.841987|   -0.008099|    0.820137|
 11| 11|   1| 232|   -0.188988|    0.008205|    0.811310|
 11| 11| 233|1000|    0.879245|   -0.008689|    0.821042|
 12| 12|   1| 232|   -0.305959|    0.009398|    0.809811|
 12| 12| 233|1000|    0.915471|   -0.009546|    0.820525|
 13| 13|   1| 232|   -0.242113|    0.008925|    0.809394|
 13| 13| 233|1000|    0.870989|   -0.008699|    0.818980|
 14| 14|   1| 232|   -0.242961|    0.008884|    0.809581|
 14| 14| 233|1000|    0.893851|   -0.009197|    0.820358|
 15| 15|   1| 232|   -0.404097|    0.010453|    0.807936|
 15| 15| 233|1000|    0.941380|   -0.010101|    0.819046|
 16| 16|   1| 232|   -0.333858|    0.009930|    0.807572|
 16| 16| 233|1000|    0.922779|   -0.009777|    0.818753|
 17| 17|   1| 232|   -0.343265|    0.010013|    0.807371|
 17| 17| 233|1000|    0.932231|   -0.010152|    0.820529|
 18| 18|   1| 232|   -0.507313|    0.011556|    0.806004|
 18| 18| 233|1000|    0.970077|   -0.010917|    0.818487|
 19| 19|   1| 232|   -0.351019|    0.009994|    0.808436|
 19| 19| 233|1000|    0.925171|   -0.009880|    0.820274|
 20| 20|   1| 232|   -0.294797|    0.009327|    0.809746|
 20| 20| 233|1000|    0.915807|   -0.009555|    0.820373|
 21| 21|   1| 232|   -0.254011|    0.008833|    0.810638|
 21| 21| 233|1000|    0.917616|   -0.009381|    0.821152|
 22| 22|   1| 232|   -0.460220|    0.011122|    0.806648|
 22| 22| 233|1000|    0.963215|   -0.010548|    0.818023|
 23| 23|   1| 232|   -0.405983|    0.010491|    0.807806|
 23| 23| 233|1000|    0.941145|   -0.010112|    0.818891|
 24| 24|   1| 232|   -0.310279|    0.009500|    0.809042|
 24| 24| 233|1000|    0.927686|   -0.009829|    0.820544|
 25| 25|   1| 232|   -0.538898|    0.011999|    0.805024|
 25| 25| 233|1000|    1.031017|   -0.011930|    0.814962|
 26| 26|   1| 232|   -0.504824|    0.011542|    0.806063|
 26| 26| 233|1000|    0.973185|   -0.010923|    0.818274|
 27| 27|   1| 232|   -0.387948|    0.010367|    0.807171|
 27| 27| 233|1000|    0.946312|   -0.010451|    0.820620|
 28| 28|   1| 232|   -0.239898|    0.008888|    0.809483|
 28| 28| 233|1000|    0.870484|   -0.008670|    0.819071|
 29| 29|   1| 232|   -0.188979|    0.008206|    0.811288|
 29| 29| 233|1000|    0.878929|   -0.008683|    0.821046|
 30| 30|   1| 232|   -0.241877|    0.008924|    0.809414|
 30| 30| 233|1000|    0.870839|   -0.008699|    0.818984|
 31| 31|   1| 232|   -0.242670|    0.008883|    0.809566|
 31| 31| 233|1000|    0.893490|   -0.009191|    0.820331|
 32| 32|   1| 232|   -0.242947|    0.008884|    0.809590|
 32| 32| 233|1000|    0.893747|   -0.009197|    0.820345|
 33| 33|   1| 232|   -0.242612|    0.008882|    0.809570|
 33| 33| 233|1000|    0.893486|   -0.009192|    0.820327|
 34| 34|   1| 232|   -0.404114|    0.010453|    0.807933|
 34| 34| 233|1000|    0.941421|   -0.010101|    0.819056|
 35| 35|   1| 232|   -0.344292|    0.010023|    0.807348|
 35| 35| 233|1000|    0.932012|   -0.010148|    0.820520|
 36| 36|   1| 232|   -0.405998|    0.010491|    0.807802|
 36| 36| 233|1000|    0.941023|   -0.010112|    0.818890|
%
