#                                                           
#  ____  ____     _       ____    ____  ______      ___     
# |_  _||_  _|   / \     |_   \  /   _||_   _ \   ."   `.   
#   \ \  / /    / _ \      |   \/   |    | |_) | /  .-.  \  
#    \ \/ /    / ___ \     | |\  /| |    |  __". | |   | |  
#    _|  |_  _/ /   \ \_  _| |_\/_| |_  _| |__) |\  `-"  /  
#   |______||____| |____||_____||_____||_______/  `.___."   
#                                                           
#                                                           
#                                                           
# GPL Version 4.2.0 Revision 109. (Based on r.10030 h.c8f2c8
#                        MPI Build                          
#                http://www.yambo-code.org                  
#
QPDBs                          # [R] Quasi-particle databases
QPDB_edit                      # [R] Generation/editing
%QPkrange            # [QPDB] Correction( kp1| kp2| bnd1| bnd2| E-Eo[eV]| Img(E)[eV]| Re[Z] |)
  1|  1|   1| 232|   -0.001064|    0.007575|    0.792646|
  1|  1| 233|1000|    0.707888|   -0.008577|    0.797710|
  2|  2|   1| 232|   -0.099893|    0.009063|    0.789870|
  2|  2| 233|1000|    0.710356|   -0.009561|    0.797070|
  3|  3|   1| 232|   -0.261674|    0.011419|    0.786215|
  3|  3| 233|1000|    0.763703|   -0.011606|    0.796576|
  4|  4|   1| 232|   -0.014411|    0.007952|    0.791010|
  4|  4| 233|1000|    0.691258|   -0.008939|    0.796847|
  5|  5|   1| 232|   -0.151678|    0.009982|    0.787662|
  5|  5| 233|1000|    0.726263|   -0.010202|    0.795278|
  6|  6|   1| 232|   -0.344915|    0.012608|    0.784106|
  6|  6| 233|1000|    0.789580|   -0.012494|    0.793463|
  7|  7|   1| 232|   -0.075542|    0.009010|    0.789261|
  7|  7| 233|1000|    0.735336|   -0.010358|    0.796750|
  8|  8|   1| 232|   -0.217320|    0.011041|    0.785434|
  8|  8| 233|1000|    0.760982|   -0.011508|    0.794252|
  9|  9|   1| 232|   -0.418896|    0.013711|    0.781833|
  9|  9| 233|1000|    0.833108|   -0.017969|    0.788858|
 10| 10|   1| 232|   -0.079254|    0.008839|    0.790072|
 10| 10| 233|1000|    0.705949|   -0.009509|    0.796807|
 11| 11|   1| 232|   -0.110051|    0.009206|    0.789860|
 11| 11| 233|1000|    0.734635|   -0.010177|    0.797616|
 12| 12|   1| 232|   -0.208688|    0.010602|    0.787730|
 12| 12| 233|1000|    0.758634|   -0.011212|    0.796608|
 13| 13|   1| 232|   -0.153254|    0.010024|    0.787599|
 13| 13| 233|1000|    0.726149|   -0.010230|    0.795175|
 14| 14|   1| 232|   -0.154201|    0.009984|    0.787744|
 14| 14| 233|1000|    0.742165|   -0.010783|    0.796561|
 15| 15|   1| 232|   -0.291013|    0.011817|    0.785364|
 15| 15| 233|1000|    0.776000|   -0.012268|    0.794643|
 16| 16|   1| 232|   -0.230322|    0.011167|    0.785459|
 16| 16| 233|1000|    0.762325|   -0.011541|    0.794282|
 17| 17|   1| 232|   -0.238011|    0.011266|    0.785175|
 17| 17| 233|1000|    0.767090|   -0.011940|    0.796237|
 18| 18|   1| 232|   -0.377829|    0.013111|    0.782958|
 18| 18| 233|1000|    0.793514|   -0.013177|    0.793498|
 19| 19|   1| 232|   -0.245039|    0.011267|    0.786188|
 19| 19| 233|1000|    0.763816|   -0.011630|    0.796198|
 20| 20|   1| 232|   -0.198769|    0.010516|    0.787755|
 20| 20| 233|1000|    0.758804|   -0.011201|    0.796425|
 21| 21|   1| 232|   -0.164713|    0.009944|    0.788870|
 21| 21| 233|1000|    0.762645|   -0.010985|    0.797430|
 22| 22|   1| 232|   -0.337264|    0.012548|    0.784009|
 22| 22| 233|1000|    0.790962|   -0.012494|    0.793140|
 23| 23|   1| 232|   -0.292498|    0.011855|    0.785265|
 23| 23| 233|1000|    0.775583|   -0.011922|    0.794309|
 24| 24|   1| 232|   -0.211108|    0.010712|    0.786880|
 24| 24| 233|1000|    0.766437|   -0.011581|    0.796426|
 25| 25|   1| 232|   -0.402858|    0.013536|    0.782085|
 25| 25| 233|1000|    0.838908|   -0.015343|    0.789570|
 26| 26|   1| 232|   -0.375639|    0.013060|    0.783088|
 26| 26| 233|1000|    0.796365|   -0.013143|    0.793528|
 27| 27|   1| 232|   -0.275832|    0.011701|    0.784662|
 27| 27| 233|1000|    0.776361|   -0.012339|    0.796080|
 28| 28|   1| 232|   -0.151660|    0.009983|    0.787653|
 28| 28| 233|1000|    0.726155|   -0.010202|    0.795280|
 29| 29|   1| 232|   -0.110042|    0.009210|    0.789850|
 29| 29| 233|1000|    0.734400|   -0.010189|    0.797594|
 30| 30|   1| 232|   -0.153044|    0.010022|    0.787602|
 30| 30| 233|1000|    0.726011|   -0.010230|    0.795174|
 31| 31|   1| 232|   -0.153938|    0.009987|    0.787724|
 31| 31| 233|1000|    0.741939|   -0.010786|    0.796557|
 32| 32|   1| 232|   -0.154182|    0.009985|    0.787750|
 32| 32| 233|1000|    0.742075|   -0.010782|    0.796551|
 33| 33|   1| 232|   -0.153899|    0.009986|    0.787753|
 33| 33| 233|1000|    0.741924|   -0.010785|    0.796540|
 34| 34|   1| 232|   -0.291039|    0.011817|    0.785379|
 34| 34| 233|1000|    0.775960|   -0.012303|    0.794579|
 35| 35|   1| 232|   -0.238873|    0.011282|    0.785112|
 35| 35| 233|1000|    0.766965|   -0.011948|    0.796221|
 36| 36|   1| 232|   -0.292485|    0.011855|    0.785226|
 36| 36| 233|1000|    0.775462|   -0.011920|    0.794300|
%
