#                                                           
# ooooo   oooo ..     ooo        ooo ooooooooo.    .oooo.   
#  `88.   .8" .88.    `88.       .88 `88"   `Y8b  dP"  `Yb  
#   `88. .8" .8"88.    888b     d"88  88     888 88      88 
#    `88.8" .8" `88.   8 Y88. .P  88  88oooo888" 88      88 
#     `88" .88ooo888.  8  `888"   88  88    `88b 88      88 
#      88 .8"     `88. 8    Y     88  88    .88P `8b    d8" 
#     o88o88o      888o8          88 o88bood8P"   `Ybod8P"  
#                                                           
#                                                           
# GPL Version 4.2.0 Revision 109. (Based on r.10030 h.c8f2c8
#                         MPI Build                         
#                 http://www.yambo-code.org                 
#
QPDBs                          # [R] Quasi-particle databases
QPDB_edit                      # [R] Generation/editing
%QPkrange            # [QPDB] Correction( kp1| kp2| bnd1| bnd2| E-Eo[eV]| Img(E)[eV]| Re[Z] |)
  1|  1|   1| 232|   -0.065771|    0.006695|    0.817803|
  1|  1| 233|1000|    0.870231|   -0.006984|    0.825916|
  2|  2|   1| 232|   -0.186822|    0.007916|    0.815920|
  2|  2| 233|1000|    0.886063|   -0.007793|    0.825782|
  3|  3|   1| 232|   -0.386753|    0.009894|    0.813221|
  3|  3| 233|1000|    0.969939|   -0.009457|    0.826210|
  4|  4|   1| 232|   -0.083459|    0.007021|    0.816422|
  4|  4| 233|1000|    0.857369|   -0.007284|    0.825356|
  5|  5|   1| 232|   -0.252666|    0.008705|    0.814110|
  5|  5| 233|1000|    0.911515|   -0.008301|    0.824580|
  6|  6|   1| 232|   -0.489153|    0.010924|    0.811451|
  6|  6| 233|1000|    1.009156|   -0.010108|    0.824155|
  7|  7|   1| 232|   -0.160487|    0.007926|    0.814883|
  7|  7| 233|1000|    0.922718|   -0.008471|    0.825797|
  8|  8|   1| 232|   -0.334942|    0.009623|    0.812193|
  8|  8| 233|1000|    0.965077|   -0.009306|    0.824381|
  9|  9|   1| 232|   -0.580764|    0.011892|    0.809556|
  9|  9| 233|1000|    1.078181|   -0.011412|    0.821473|
 10| 10|   1| 232|   -0.162672|    0.007728|    0.816054|
 10| 10| 233|1000|    0.880876|   -0.007746|    0.825560|
 11| 11|   1| 232|   -0.199632|    0.008040|    0.815878|
 11| 11| 233|1000|    0.920196|   -0.008322|    0.826459|
 12| 12|   1| 232|   -0.320542|    0.009180|    0.814513|
 12| 12| 233|1000|    0.959520|   -0.009141|    0.826110|
 13| 13|   1| 232|   -0.255027|    0.008742|    0.813986|
 13| 13| 233|1000|    0.912045|   -0.008328|    0.824501|
 14| 14|   1| 232|   -0.255708|    0.008724|    0.814090|
 14| 14| 233|1000|    0.936548|   -0.008828|    0.825825|
 15| 15|   1| 232|   -0.422105|    0.010212|    0.812655|
 15| 15| 233|1000|    0.987489|   -0.009687|    0.824720|
 16| 16|   1| 232|   -0.350000|    0.009728|    0.812175|
 16| 16| 233|1000|    0.967589|   -0.009370|    0.824365|
 17| 17|   1| 232|   -0.359630|    0.009840|    0.811872|
 17| 17| 233|1000|    0.978206|   -0.009753|    0.826086|
 18| 18|   1| 232|   -0.528839|    0.011291|    0.810707|
 18| 18| 233|1000|    1.019039|   -0.010454|    0.824319|
 19| 19|   1| 232|   -0.367597|    0.009767|    0.813161|
 19| 19| 233|1000|    0.970345|   -0.009464|    0.825929|
 20| 20|   1| 232|   -0.309151|    0.009113|    0.814470|
 20| 20| 233|1000|    0.959904|   -0.009149|    0.825970|
 21| 21|   1| 232|   -0.266858|    0.008640|    0.815304|
 21| 21| 233|1000|    0.961193|   -0.008987|    0.826691|
 22| 22|   1| 232|   -0.480452|    0.010875|    0.811332|
 22| 22| 233|1000|    1.010906|   -0.010132|    0.823770|
 23| 23|   1| 232|   -0.424105|    0.010249|    0.812536|
 23| 23| 233|1000|    0.987304|   -0.009691|    0.824597|
 24| 24|   1| 232|   -0.325256|    0.009297|    0.813691|
 24| 24| 233|1000|    0.972809|   -0.009429|    0.826132|
 25| 25|   1| 232|   -0.561940|    0.011749|    0.809679|
 25| 25| 233|1000|    1.083576|   -0.011503|    0.820919|
 26| 26|   1| 232|   -0.526342|    0.011283|    0.810805|
 26| 26| 233|1000|    1.022193|   -0.010470|    0.824082|
 27| 27|   1| 232|   -0.405715|    0.010155|    0.811775|
 27| 27| 233|1000|    0.993590|   -0.010030|    0.826280|
 28| 28|   1| 232|   -0.252653|    0.008706|    0.814100|
 28| 28| 233|1000|    0.911390|   -0.008300|    0.824571|
 29| 29|   1| 232|   -0.199605|    0.008041|    0.815854|
 29| 29| 233|1000|    0.919896|   -0.008316|    0.826499|
 30| 30|   1| 232|   -0.254790|    0.008741|    0.813987|
 30| 30| 233|1000|    0.911905|   -0.008328|    0.824508|
 31| 31|   1| 232|   -0.255396|    0.008723|    0.814075|
 31| 31| 233|1000|    0.936194|   -0.008822|    0.825821|
 32| 32|   1| 232|   -0.255702|    0.008725|    0.814111|
 32| 32| 233|1000|    0.936458|   -0.008828|    0.825818|
 33| 33|   1| 232|   -0.255337|    0.008723|    0.814083|
 33| 33| 233|1000|    0.936201|   -0.008822|    0.825825|
 34| 34|   1| 232|   -0.422098|    0.010211|    0.812616|
 34| 34| 233|1000|    0.987493|   -0.009687|    0.824702|
 35| 35|   1| 232|   -0.360648|    0.009849|    0.811811|
 35| 35| 233|1000|    0.977984|   -0.009750|    0.826085|
 36| 36|   1| 232|   -0.424142|    0.010249|    0.812563|
 36| 36| 233|1000|    0.987176|   -0.009698|    0.824591|
%
