#                                                           
#  __  __   ________   ___ __ __    _______   ______        
# /_/\/_/\ /_______/\ /__//_//_/\ /_______/\ /_____/\       
# \ \ \ \ \\::: _  \ \\::\| \| \ \\::: _  \ \\:::_ \ \      
#  \:\_\ \ \\::(_)  \ \\:.      \ \\::(_)  \/_\:\ \ \ \     
#   \::::_\/ \:: __  \ \\:.\-/\  \ \\::  _  \ \\:\ \ \ \    
#     \::\ \  \:.\ \  \ \\. \  \  \ \\::(_)  \ \\:\_\ \ \   
#      \__\/   \__\/\__\/ \__\/ \__\/ \_______\/ \_____\/   
#                                                           
#                                                           
# GPL Version 4.2.0 Revision 109. (Based on r.10030 h.c8f2c8
#                        MPI Build                          
#                http://www.yambo-code.org                  
#
QPDBs                          # [R] Quasi-particle databases
QPDB_edit                      # [R] Generation/editing
%QPkrange            # [QPDB] Correction( kp1| kp2| bnd1| bnd2| E-Eo[eV]| Img(E)[eV]| Re[Z] |)
  1|  1|   1| 232|   -0.067038|    0.006665|    0.818826|
  1|  1| 233|1000|    0.878397|   -0.006908|    0.827133|
  2|  2|   1| 232|   -0.188988|    0.007876|    0.816949|
  2|  2| 233|1000|    0.894838|   -0.007708|    0.826991|
  3|  3|   1| 232|   -0.390430|    0.009835|    0.814283|
  3|  3| 233|1000|    0.980137|   -0.009355|    0.827518|
  4|  4|   1| 232|   -0.084871|    0.006987|    0.817458|
  4|  4| 233|1000|    0.865684|   -0.007203|    0.826566|
  5|  5|   1| 232|   -0.255380|    0.008656|    0.815190|
  5|  5| 233|1000|    0.920716|   -0.008207|    0.825832|
  6|  6|   1| 232|   -0.493587|    0.010853|    0.812547|
  6|  6| 233|1000|    1.019960|   -0.009977|    0.825521|
  7|  7|   1| 232|   -0.162536|    0.007884|    0.815930|
  7|  7| 233|1000|    0.931951|   -0.008380|    0.827033|
  8|  8|   1| 232|   -0.338304|    0.009562|    0.813289|
  8|  8| 233|1000|    0.975115|   -0.009202|    0.825695|
  9|  9|   1| 232|   -0.585895|    0.011806|    0.810679|
  9|  9| 233|1000|    1.090221|   -0.011209|    0.823011|
 10| 10|   1| 232|   -0.164700|    0.007689|    0.817080|
 10| 10| 233|1000|    0.889636|   -0.007662|    0.826790|
 11| 11|   1| 232|   -0.201904|    0.007996|    0.816929|
 11| 11| 233|1000|    0.929449|   -0.008231|    0.827729|
 12| 12|   1| 232|   -0.323691|    0.009129|    0.815555|
 12| 12| 233|1000|    0.969431|   -0.009043|    0.827381|
 13| 13|   1| 232|   -0.257777|    0.008693|    0.815074|
 13| 13| 233|1000|    0.921265|   -0.008233|    0.825748|
 14| 14|   1| 232|   -0.258459|    0.008662|    0.815216|
 14| 14| 233|1000|    0.946171|   -0.008723|    0.827100|
 15| 15|   1| 232|   -0.426017|    0.010150|    0.813738|
 15| 15| 233|1000|    0.997915|   -0.009572|    0.826059|
 16| 16|   1| 232|   -0.353444|    0.009667|    0.813256|
 16| 16| 233|1000|    0.977676|   -0.009264|    0.825678|
 17| 17|   1| 232|   -0.363181|    0.009761|    0.813023|
 17| 17| 233|1000|    0.988579|   -0.009638|    0.827414|
 18| 18|   1| 232|   -0.533549|    0.011218|    0.811826|
 18| 18| 233|1000|    1.030087|   -0.010330|    0.825696|
 19| 19|   1| 232|   -0.371196|    0.009710|    0.814250|
 19| 19| 233|1000|    0.980519|   -0.009361|    0.827213|
 20| 20|   1| 232|   -0.312257|    0.009062|    0.815539|
 20| 20| 233|1000|    0.969833|   -0.009050|    0.827250|
 21| 21|   1| 232|   -0.269609|    0.008593|    0.816348|
 21| 21| 233|1000|    0.970983|   -0.008890|    0.827950|
 22| 22|   1| 232|   -0.484862|    0.010805|    0.812452|
 22| 22| 233|1000|    1.021744|   -0.009997|    0.825148|
 23| 23|   1| 232|   -0.428029|    0.010186|    0.813598|
 23| 23| 233|1000|    0.997718|   -0.009575|    0.825926|
 24| 24|   1| 232|   -0.328481|    0.009242|    0.814783|
 24| 24| 233|1000|    0.982988|   -0.009321|    0.827450|
 25| 25|   1| 232|   -0.566998|    0.011665|    0.810843|
 25| 25| 233|1000|    1.095671|   -0.011283|    0.822456|
 26| 26|   1| 232|   -0.531054|    0.011207|    0.811929|
 26| 26| 233|1000|    1.033263|   -0.010342|    0.825461|
 27| 27|   1| 232|   -0.409559|    0.010088|    0.812894|
 27| 27| 233|1000|    1.004231|   -0.009916|    0.827610|
 28| 28|   1| 232|   -0.255362|    0.008656|    0.815170|
 28| 28| 233|1000|    0.920587|   -0.008206|    0.825821|
 29| 29|   1| 232|   -0.201872|    0.007997|    0.816895|
 29| 29| 233|1000|    0.929105|   -0.008226|    0.827735|
 30| 30|   1| 232|   -0.257535|    0.008691|    0.815076|
 30| 30| 233|1000|    0.921109|   -0.008233|    0.825748|
 31| 31|   1| 232|   -0.258140|    0.008660|    0.815181|
 31| 31| 233|1000|    0.945830|   -0.008718|    0.827113|
 32| 32|   1| 232|   -0.258452|    0.008662|    0.815231|
 32| 32| 233|1000|    0.946097|   -0.008723|    0.827112|
 33| 33|   1| 232|   -0.258080|    0.008659|    0.815185|
 33| 33| 233|1000|    0.945825|   -0.008717|    0.827106|
 34| 34|   1| 232|   -0.426015|    0.010149|    0.813709|
 34| 34| 233|1000|    0.997922|   -0.009571|    0.826039|
 35| 35|   1| 232|   -0.364211|    0.009770|    0.812957|
 35| 35| 233|1000|    0.988352|   -0.009635|    0.827406|
 36| 36|   1| 232|   -0.428062|    0.010187|    0.813616|
 36| 36| 233|1000|    0.997581|   -0.009575|    0.825912|
%
