106 crystal
  0.00000000   0.00000000   0.00000000   0.00943396
  0.50000000   0.00000000   0.00000000   0.00943396
  0.00000000   0.50000000   0.00000000   0.00943396
  0.00000000   0.00000000   0.50000000   0.00943396
  0.01000000   0.00000000   0.00000000   0.00943396
  0.02000000   0.00000000   0.00000000   0.00943396
  0.03000000   0.00000000   0.00000000   0.00943396
  0.04000000   0.00000000   0.00000000   0.00943396
  0.05000000   0.00000000   0.00000000   0.00943396
  0.06000000   0.00000000   0.00000000   0.00943396
  0.07000000   0.00000000   0.00000000   0.00943396
  0.08000000   0.00000000   0.00000000   0.00943396
  0.09000000   0.00000000   0.00000000   0.00943396
  0.10000000   0.00000000   0.00000000   0.00943396
  0.15000000   0.00000000   0.00000000   0.00943396
  0.20000000   0.00000000   0.00000000   0.00943396
  0.25000000   0.00000000   0.00000000   0.00943396
  0.30000000   0.00000000   0.00000000   0.00943396
  0.35000000   0.00000000   0.00000000   0.00943396
  0.40000000   0.00000000   0.00000000   0.00943396
  0.45000000   0.00000000   0.00000000   0.00943396
 -0.01000000   0.00000000   0.00000000   0.00943396
 -0.02000000   0.00000000   0.00000000   0.00943396
 -0.03000000   0.00000000   0.00000000   0.00943396
 -0.04000000   0.00000000   0.00000000   0.00943396
 -0.05000000   0.00000000   0.00000000   0.00943396
 -0.06000000   0.00000000   0.00000000   0.00943396
 -0.07000000   0.00000000   0.00000000   0.00943396
 -0.08000000   0.00000000   0.00000000   0.00943396
 -0.09000000   0.00000000   0.00000000   0.00943396
 -0.10000000   0.00000000   0.00000000   0.00943396
 -0.15000000   0.00000000   0.00000000   0.00943396
 -0.20000000   0.00000000   0.00000000   0.00943396
 -0.25000000   0.00000000   0.00000000   0.00943396
 -0.30000000   0.00000000   0.00000000   0.00943396
 -0.35000000   0.00000000   0.00000000   0.00943396
 -0.40000000   0.00000000   0.00000000   0.00943396
 -0.45000000   0.00000000   0.00000000   0.00943396
  0.00000000   0.01000000   0.00000000   0.00943396
  0.00000000   0.02000000   0.00000000   0.00943396
  0.00000000   0.03000000   0.00000000   0.00943396
  0.00000000   0.04000000   0.00000000   0.00943396
  0.00000000   0.05000000   0.00000000   0.00943396
  0.00000000   0.06000000   0.00000000   0.00943396
  0.00000000   0.07000000   0.00000000   0.00943396
  0.00000000   0.08000000   0.00000000   0.00943396
  0.00000000   0.09000000   0.00000000   0.00943396
  0.00000000   0.10000000   0.00000000   0.00943396
  0.00000000   0.15000000   0.00000000   0.00943396
  0.00000000   0.20000000   0.00000000   0.00943396
  0.00000000   0.25000000   0.00000000   0.00943396
  0.00000000   0.30000000   0.00000000   0.00943396
  0.00000000   0.35000000   0.00000000   0.00943396
  0.00000000   0.40000000   0.00000000   0.00943396
  0.00000000   0.45000000   0.00000000   0.00943396
  0.00000000  -0.01000000   0.00000000   0.00943396
  0.00000000  -0.02000000   0.00000000   0.00943396
  0.00000000  -0.03000000   0.00000000   0.00943396
  0.00000000  -0.04000000   0.00000000   0.00943396
  0.00000000  -0.05000000   0.00000000   0.00943396
  0.00000000  -0.06000000   0.00000000   0.00943396
  0.00000000  -0.07000000   0.00000000   0.00943396
  0.00000000  -0.08000000   0.00000000   0.00943396
  0.00000000  -0.09000000   0.00000000   0.00943396
  0.00000000  -0.10000000   0.00000000   0.00943396
  0.00000000  -0.15000000   0.00000000   0.00943396
  0.00000000  -0.20000000   0.00000000   0.00943396
  0.00000000  -0.25000000   0.00000000   0.00943396
  0.00000000  -0.30000000   0.00000000   0.00943396
  0.00000000  -0.35000000   0.00000000   0.00943396
  0.00000000  -0.40000000   0.00000000   0.00943396
  0.00000000  -0.45000000   0.00000000   0.00943396
  0.00000000   0.00000000   0.01000000   0.00943396
  0.00000000   0.00000000   0.02000000   0.00943396
  0.00000000   0.00000000   0.03000000   0.00943396
  0.00000000   0.00000000   0.04000000   0.00943396
  0.00000000   0.00000000   0.05000000   0.00943396
  0.00000000   0.00000000   0.06000000   0.00943396
  0.00000000   0.00000000   0.07000000   0.00943396
  0.00000000   0.00000000   0.08000000   0.00943396
  0.00000000   0.00000000   0.09000000   0.00943396
  0.00000000   0.00000000   0.10000000   0.00943396
  0.00000000   0.00000000   0.15000000   0.00943396
  0.00000000   0.00000000   0.20000000   0.00943396
  0.00000000   0.00000000   0.25000000   0.00943396
  0.00000000   0.00000000   0.30000000   0.00943396
  0.00000000   0.00000000   0.35000000   0.00943396
  0.00000000   0.00000000   0.40000000   0.00943396
  0.00000000   0.00000000   0.45000000   0.00943396
  0.00000000   0.00000000  -0.01000000   0.00943396
  0.00000000   0.00000000  -0.02000000   0.00943396
  0.00000000   0.00000000  -0.03000000   0.00943396
  0.00000000   0.00000000  -0.04000000   0.00943396
  0.00000000   0.00000000  -0.05000000   0.00943396
  0.00000000   0.00000000  -0.06000000   0.00943396
  0.00000000   0.00000000  -0.07000000   0.00943396
  0.00000000   0.00000000  -0.08000000   0.00943396
  0.00000000   0.00000000  -0.09000000   0.00943396
  0.00000000   0.00000000  -0.10000000   0.00943396
  0.00000000   0.00000000  -0.15000000   0.00943396
  0.00000000   0.00000000  -0.20000000   0.00943396
  0.00000000   0.00000000  -0.25000000   0.00943396
  0.00000000   0.00000000  -0.30000000   0.00943396
  0.00000000   0.00000000  -0.35000000   0.00943396
  0.00000000   0.00000000  -0.40000000   0.00943396
  0.00000000   0.00000000  -0.45000000   0.00943396
