   2   2   1   0   0   0
   4   4   2   0   0   0
   6   6   3   0   0   0
   8   8   4   0   0   0
   10   10    5    0    0    0
   12   12    6    0    0    0
   14   14    7    0    0    0
   16   16    8    0    0    0
   18   18    9    0    0    0
   20   20   10    0    0    0
   22   22   11    0    0    0
   24   24   12    0    0    0
   26   26   13    0    0    0
   28   28   14    0    0    0
   30   30   15    0    0    0
   32   32   16    0    0    0
   34   34   17    0    0    0
   36   36   18    0    0    0
   38   38   19    0    0    0
   40   40   20    0    0    0
   42   42   21    0    0    0
   44   44   22    0    0    0
   46   46   23    0    0    0
   48   48   24    0    0    0
   50   50   25    0    0    0
   
