   1   2   1   0   0   0
   2   4   2   0   0   0
   3   6   3   0   0   0
   4   8   4   0   0   0
    5   10    5    0    0    0
    6   12    6    0    0    0
    7   14    7    0    0    0
    8   16    8    0    0    0
    9   18    9    0    0    0
   10   20   10    0    0    0
   11   22   11    0    0    0
   12   24   12    0    0    0
   13   26   13    0    0    0
   14   28   14    0    0    0
   15   30   15    0    0    0
   16   32   16    0    0    0
   17   34   17    0    0    0
   18   36   18    0    0    0
   19   38   19    0    0    0
   20   40   20    0    0    0
   21   42   21    0    0    0
   22   44   22    0    0    0
   23   46   23    0    0    0
   24   48   24    0    0    0
   25   50   25    0    0    0
   26   52   26    0    0    0  
   27   54   27    0    0    0
   28   56   28    0    0    0
   29   58   29    0    0    0
   30   60   30    0    0    0

