   2   3   3   0   0   0
   4   6   6   0   0   0
   6   9   9   0   0   0
    8   12   12    0    0    0
   10   15   15    0    0    0
   12   18   18    0    0    0
   14   21   21    0    0    0
   16   24   24    0    0    0
   18   27   27    0    0    0
   20   30   30    0    0    0
   22   33   33    0    0    0
   24   36   36    0    0    0
   26   39   39    0    0    0
   28   42   42    0    0    0
   30   45   45    0    0    0
   32   48   48    0    0    0
   34   51   51    0    0    0
   36   54   54    0    0    0
   38   57   57    0    0    0
   40   60   60    0    0    0
