# 0 0
0.000000 0 5.19244
0.002002 1.99957e-06 5.19245
0.004004 3.69543e-06 5.19245
0.006006 5.695e-06 5.19247
0.008008 7.39067e-06 5.1925
0.010010 9.36163e-06 5.19253
0.012012 1.10861e-05 5.19257
0.014014 1.30568e-05 5.19262
0.016016 1.47526e-05 5.19268
0.018018 1.6781e-05 5.19274
0.020020 1.84478e-05 5.19281
0.022022 2.04476e-05 5.19289
0.024024 2.21721e-05 5.19298
0.026026 2.41428e-05 5.19307
0.028028 2.58389e-05 5.19317
0.030030 2.81422e-05 5.19327
0.032032 2.95342e-05 5.19339
0.034034 3.15339e-05 5.19351
0.036036 3.35044e-05 5.19364
0.038038 3.55328e-05 5.19378
0.040040 3.72291e-05 5.19393
0.042042 3.88958e-05 5.19408
0.044044 4.09243e-05 5.19424
0.046046 4.29238e-05 5.19441
0.048048 4.48943e-05 5.19458
0.050050 4.62868e-05 5.19477
0.052052 4.83149e-05 5.19496
0.054054 5.02855e-05 5.19516
0.056056 5.22854e-05 5.19536
0.058058 5.36774e-05 5.19557
0.060060 5.56769e-05 5.19579
0.062062 5.79806e-05 5.19602
0.064064 5.96761e-05 5.19626
0.066066 6.16758e-05 5.1965
0.068068 6.33719e-05 5.19674
0.070070 6.53714e-05 5.197
0.072072 6.70669e-05 5.19727
0.074074 6.90672e-05 5.19754
0.076076 7.07627e-05 5.19782
0.078078 7.27623e-05 5.19811
0.080080 7.44583e-05 5.1984
0.082082 7.64581e-05 5.19871
0.084084 7.87614e-05 5.19902
0.086086 8.01532e-05 5.19934
0.088088 8.21531e-05 5.19966
0.090090 8.41529e-05 5.19999
0.092092 8.61524e-05 5.20033
0.094094 8.7848e-05 5.20068
0.096096 8.95444e-05 5.20104
0.098098 9.15151e-05 5.2014
0.100100 9.35431e-05 5.20177
0.102102 9.55434e-05 5.20215
0.104104 9.75141e-05 5.20254
0.106106 9.92386e-05 5.20293
0.108108 0.000100963 5.20333
0.110110 0.000103238 5.20374
0.112112 0.000104963 5.20416
0.114114 0.000106962 5.20458
0.116116 0.000108658 5.20501
0.118118 0.000110658 5.20545
0.120120 0.000112658 5.2059
0.122122 0.000114382 5.20635
0.124124 0.000116657 5.20682
0.126126 0.000118353 5.20729
0.128128 0.000120078 5.20777
0.130130 0.000122353 5.20825
0.132132 0.000124049 5.20875
0.134134 0.000126077 5.20925
0.136136 0.000128048 5.20976
0.138138 0.000130076 5.21027
0.140140 0.000131802 5.21079
0.142142 0.000133773 5.21132
0.144144 0.000135801 5.21187
0.146146 0.000137801 5.21241
0.148148 0.00013983 5.21297
0.150150 0.000141801 5.21354
0.152152 0.000143526 5.2141
0.154154 0.000145525 5.21468
0.156156 0.000147192 5.21527
0.158158 0.000149525 5.21587
0.160160 0.000151554 5.21647
0.162162 0.00015325 5.21708
0.164164 0.000155554 5.2177
0.166166 0.000156974 5.21832
0.168168 0.000159278 5.21895
0.170170 0.000161278 5.2196
0.172172 0.000162974 5.22025
0.174174 0.000165278 5.22091
0.176176 0.000167335 5.22157
0.178178 0.000169306 5.22224
0.180180 0.000171335 5.22293
0.182182 0.000173335 5.22362
0.184184 0.000175031 5.22431
0.186186 0.000177031 5.22502
0.188188 0.000179088 5.22573
0.190190 0.000181088 5.22645
0.192192 0.000183392 5.22718
0.194194 0.000185088 5.22792
0.196196 0.000187421 5.22867
0.198198 0.000189421 5.22942
0.200200 0.000191146 5.23018
0.202202 0.000193449 5.23095
0.204204 0.000195174 5.23173
0.206206 0.000197203 5.23252
0.208208 0.000199204 5.23331
0.210210 0.000201536 5.23411
0.212212 0.000203232 5.23492
0.214214 0.000205565 5.23574
0.216216 0.000207565 5.23657
0.218218 0.000209565 5.23741
0.220220 0.000211594 5.23825
0.222222 0.000213927 5.2391
0.224224 0.000215955 5.23996
0.226226 0.000217956 5.24083
0.228228 0.000219984 5.2417
0.230230 0.000222289 5.24259
0.232232 0.000224013 5.24348
0.234234 0.000226346 5.24438
0.236236 0.000228375 5.2453
0.238238 0.00023068 5.24621
0.240240 0.000232708 5.24714
0.242242 0.000234708 5.24807
0.244244 0.00023707 5.24902
0.246246 0.000238767 5.24997
0.248248 0.000240795 5.25093
0.250250 0.000242825 5.2519
0.252252 0.000245128 5.25288
0.254254 0.000247461 5.25387
0.256256 0.000249519 5.25486
0.258258 0.000251852 5.25586
0.260260 0.000254156 5.25687
0.262262 0.000256214 5.25789
0.264264 0.000258215 5.25892
0.266266 0.000260214 5.25996
0.268268 0.000262577 5.26101
0.270270 0.00026491 5.26206
0.272272 0.000266635 5.26313
0.274274 0.000268968 5.2642
0.276276 0.000271301 5.26528
0.278278 0.000273359 5.26637
0.280280 0.000275663 5.26747
0.282282 0.000277664 5.26858
0.284284 0.000279721 5.2697
0.286286 0.000282055 5.27082
0.288288 0.000284416 5.27195
0.290290 0.00028675 5.27309
0.292292 0.000288446 5.27425
0.294294 0.000291112 5.27541
0.296296 0.000293445 5.27658
0.298298 0.000295503 5.27776
0.300300 0.000297837 5.27895
0.302302 0.000300169 5.28015
0.304304 0.000302474 5.28135
0.306306 0.000304532 5.28256
0.308308 0.000306562 5.28379
0.310310 0.000308924 5.28502
0.312312 0.00031156 5.28626
0.314314 0.000313923 5.28751
0.316316 0.000316256 5.28878
0.318318 0.000318314 5.29005
0.320320 0.000320647 5.29133
0.322322 0.000322706 5.29261
0.324324 0.000325343 5.29391
0.326326 0.000327705 5.29522
0.328328 0.000330039 5.29654
0.330330 0.000332401 5.29786
0.332332 0.000334459 5.29919
0.334334 0.000336792 5.30054
0.336336 0.000339459 5.3019
0.338338 0.000341792 5.30326
0.340340 0.000344154 5.30463
0.342342 0.000346517 5.30602
0.344344 0.000349154 5.30741
0.346346 0.000351516 5.30881
0.348348 0.000353849 5.31022
0.350350 0.000356213 5.31164
0.352352 0.000358878 5.31307
0.354354 0.000361241 5.31451
0.356356 0.000363603 5.31596
0.358358 0.000365965 5.31742
0.360360 0.000368632 5.31889
0.362362 0.000370994 5.32037
0.364364 0.000373357 5.32186
0.366366 0.00037572 5.32336
0.368368 0.000378357 5.32487
0.370370 0.00038072 5.32639
0.372372 0.000383111 5.32792
0.374374 0.000385778 5.32946
0.376376 0.00038814 5.33101
0.378378 0.000390502 5.33257
0.380380 0.000393169 5.33414
0.382382 0.000395864 5.33572
0.384384 0.000398226 5.33731
0.386386 0.000400865 5.33891
0.388388 0.000403285 5.34052
0.390390 0.000406256 5.34214
0.392392 0.000408618 5.34377
0.394394 0.000411314 5.34541
0.396396 0.00041398 5.34706
0.398398 0.000416343 5.34873
0.400400 0.000419067 5.3504
0.402402 0.000421705 5.35208
0.404404 0.000424372 5.35378
0.406406 0.000427067 5.35548
0.408408 0.000429459 5.3572
0.410410 0.000432458 5.35892
0.412412 0.000434821 5.36066
0.414414 0.000437517 5.36241
0.416416 0.000440517 5.36416
0.418418 0.000443212 5.36593
0.420420 0.000445576 5.36771
0.422422 0.000448575 5.3695
0.424424 0.000451271 5.3713
0.426426 0.000453967 5.37311
0.428428 0.000456634 5.37494
0.430430 0.000459359 5.37677
0.432432 0.000462387 5.37862
0.434434 0.000465054 5.38048
0.436436 0.000468082 5.38234
0.438438 0.000470475 5.38422
0.440440 0.00047375 5.38611
0.442442 0.000476171 5.38801
0.444444 0.000479171 5.38993
0.446446 0.000481866 5.39185
0.448448 0.000484895 5.39378
0.450450 0.000487591 5.39573
0.452452 0.00049062 5.39769
0.454454 0.000493287 5.39966
0.456456 0.000496317 5.40164
0.458458 0.000499345 5.40363
0.460460 0.000502041 5.40564
0.462462 0.000505374 5.40766
0.464464 0.0005081 5.40968
0.466466 0.000510796 5.41173
0.468468 0.0005141 5.41378
0.470470 0.000517129 5.41584
0.472472 0.000520158 5.41792
0.474474 0.000522883 5.42001
0.476476 0.000526216 5.42211
0.478478 0.000529216 5.42422
0.480480 0.000532274 5.42634
0.482482 0.000535 5.42848
0.484484 0.000538333 5.43063
0.486486 0.000541362 5.43279
0.488488 0.000544696 5.43497
0.490490 0.00054745 5.43715
0.492492 0.000550783 5.43935
0.494494 0.000553813 5.44156
0.496496 0.000557146 5.44379
0.498498 0.000560479 5.44602
0.500501 0.000563537 5.44827
0.502503 0.0005669 5.45054
0.504505 0.000569626 5.45281
0.506507 0.000572988 5.4551
0.508509 0.00057635 5.4574
0.510511 0.00057938 5.45971
0.512513 0.000582742 5.46204
0.514515 0.000586104 5.46438
0.516517 0.000589134 5.46673
0.518519 0.000592497 5.4691
0.520521 0.000596164 5.47148
0.522523 0.000599526 5.47387
0.524525 0.000602614 5.47628
0.526527 0.000605948 5.4787
0.528529 0.00060931 5.48113
0.530531 0.000612977 5.48358
0.532533 0.000616065 5.48604
0.534535 0.00061976 5.48852
0.536537 0.000623427 5.491
0.538539 0.00062679 5.4935
0.540541 0.000630182 5.49602
0.542543 0.000633848 5.49855
0.544545 0.000636936 5.5011
0.546547 0.000640632 5.50365
0.548549 0.000644328 5.50623
0.550551 0.000647995 5.50882
0.552553 0.000651358 5.51142
0.554555 0.000655054 5.51403
0.556557 0.000658475 5.51666
0.558559 0.000662475 5.51931
0.560561 0.000666172 5.52197
0.562563 0.000669564 5.52464
0.564565 0.000673564 5.52733
0.566567 0.000677289 5.53003
0.568569 0.000680681 5.53275
0.570571 0.000684681 5.53549
0.572573 0.000688406 5.53823
0.574575 0.000692132 5.541
0.576577 0.000696132 5.54378
0.578579 0.000699553 5.54657
0.580581 0.000703858 5.54938
0.582583 0.000707612 5.55221
0.584585 0.000711338 5.55505
0.586587 0.000715367 5.55791
0.588589 0.000719093 5.56078
0.590591 0.000723426 5.56367
0.592593 0.000727152 5.56657
0.594595 0.000731181 5.56949
0.596597 0.000735573 5.57243
0.598599 0.000739603 5.57538
0.600601 0.000743633 5.57835
0.602603 0.000747358 5.58134
0.604605 0.00075175 5.58433
0.606607 0.000756113 5.58735
0.608609 0.00075981 5.59039
0.610611 0.000764173 5.59344
0.612613 0.000768565 5.59651
0.614615 0.000772623 5.59959
0.616617 0.000776683 5.6027
0.618619 0.000781379 5.60581
0.620621 0.000785438 5.60895
0.622623 0.00078983 5.6121
0.624625 0.000794193 5.61528
0.626627 0.000798556 5.61846
0.628629 0.000802978 5.62167
0.630631 0.000807342 5.62489
0.632633 0.000811764 5.62814
0.634635 0.000816431 5.6314
0.636637 0.000820852 5.63467
0.638639 0.000825245 5.63797
0.640641 0.000829637 5.64128
0.642643 0.000834363 5.64461
0.644645 0.000839059 5.64797
0.646647 0.00084351 5.65134
0.648649 0.000848208 5.65473
0.650651 0.00085354 5.65813
0.652653 0.00085827 5.66156
0.654655 0.000862995 5.665
0.656657 0.000867751 5.66847
0.658659 0.000872477 5.67195
0.660661 0.000877507 5.67545
0.662663 0.000882263 5.67898
0.664665 0.000887659 5.68252
0.666667 0.000892414 5.68608
0.668669 0.000897507 5.68966
0.670671 0.000902268 5.69327
0.672673 0.000907728 5.69689
0.674675 0.000912945 5.70054
0.676677 0.00091923 5.7042
0.678679 0.000928741 5.70789
0.680681 0.000936314 5.7116
0.682683 0.000945113 5.71532
0.684685 0.000959896 5.71907
0.686687 0.000970379 5.72285
0.688689 0.000970915 5.72663
0.690691 0.00100589 5.73044
0.692693 0.000985887 5.73428
0.694695 0.00100752 5.73812
0.696697 0.00103236 5.74199
0.698699 0.00105823 5.74589
0.700701 0.00103603 5.74981
0.702703 0.00109213 5.75375
0.704705 0.00110035 5.75773
0.706707 0.00107086 5.7617
0.708709 0.0011305 5.76565
0.710711 0.00110385 5.76974
0.712713 0.00118341 5.77384
0.714715 0.00114727 5.77781
0.716717 0.0011954 5.78195
0.718719 0.00114088 5.78608
0.720721 0.00118501 5.79022
0.722723 0.00127067 5.79433
0.724725 0.00129643 5.79858
0.726727 0.00121755 5.80279
0.728729 0.00136553 5.8069
0.730731 0.00124903 5.81127
0.732733 0.00135098 5.81565
0.734735 0.00130169 5.81982
0.736737 0.0015084 5.82424
0.738739 0.00144424 5.82855
0.740741 0.00136941 5.83301
0.742743 0.00139988 5.83724
0.744745 0.00136541 5.84191
0.746747 0.00150951 5.84641
0.748749 0.00146741 5.85059
0.750751 0.00175164 5.85526
0.752753 0.00137851 5.85973
0.754755 0.00153713 5.86454
0.756757 0.00150602 5.86885
0.758759 0.00174192 5.87357
0.760761 0.00160337 5.87823
0.762763 0.00151168 5.88281
0.764765 0.00178866 5.88748
0.766767 0.00180093 5.89227
0.768769 0.00164158 5.89696
0.770771 0.00168006 5.90182
0.772773 0.00188444 5.90661
0.774775 0.00190556 5.91148
0.776777 0.00162674 5.91633
0.778779 0.00178523 5.92127
0.780781 0.00195692 5.92603
0.782783 0.00199169 5.93107
0.784785 0.00166681 5.93607
0.786787 0.00192673 5.94094
0.788789 0.00213874 5.94621
0.790791 0.00223924 5.95145
0.792793 0.00188658 5.95616
0.794795 0.0021536 5.96132
0.796797 0.00209238 5.96651
0.798799 0.00209381 5.97172
0.800801 0.00206639 5.9773
0.802803 0.00244516 5.98239
0.804805 0.00268095 5.98722
0.806807 0.00216521 5.99278
0.808809 0.00224634 5.9985
0.810811 0.00241912 6.00366
0.812813 0.00231953 6.00895
0.814815 0.00279878 6.01479
0.816817 0.00225322 6.01995
0.818819 0.00261393 6.02551
0.820821 0.00235372 6.03114
0.822823 0.00313655 6.03632
0.824825 0.00217267 6.04221
0.826827 0.00278828 6.04828
0.828829 0.00320819 6.0536
0.830831 0.00255807 6.05937
0.832833 0.00286002 6.06515
0.834835 0.00302301 6.07123
0.836837 0.00294913 6.07663
0.838839 0.00262357 6.08265
0.840841 0.00309505 6.08859
0.842843 0.00275639 6.09431
0.844845 0.00369094 6.10033
0.846847 0.00323396 6.10618
0.848849 0.00283986 6.11217
0.850851 0.00276757 6.11889
0.852853 0.00350378 6.12547
0.854855 0.00350375 6.13073
0.856857 0.00357001 6.1369
0.858859 0.00350699 6.14346
0.860861 0.00318593 6.14977
0.862863 0.00310662 6.15608
0.864865 0.00346866 6.16249
0.866867 0.00393575 6.16925
0.868869 0.00341268 6.17535
0.870871 0.00361142 6.18241
0.872873 0.0043083 6.18791
0.874875 0.00363712 6.19444
0.876877 0.00394632 6.20126
0.878879 0.00372802 6.20914
0.880881 0.0040243 6.21482
0.882883 0.0052059 6.22136
0.884885 0.00387771 6.22847
0.886887 0.00452969 6.23598
0.888889 0.00412851 6.24244
0.890891 0.00486491 6.24883
0.892893 0.00464501 6.25635
0.894895 0.0041833 6.26395
0.896897 0.00407197 6.27057
0.898899 0.00477583 6.27857
0.900901 0.00498278 6.28437
0.902903 0.0051416 6.29083
0.904905 0.00474657 6.2992
0.906907 0.00419716 6.30668
0.908909 0.00516665 6.3146
0.910911 0.00502232 6.32169
0.912913 0.00493402 6.32886
0.914915 0.00604321 6.33707
0.916917 0.00569234 6.34432
0.918919 0.00471568 6.35177
0.920921 0.00535721 6.35881
0.922923 0.00588288 6.36731
0.924925 0.0051828 6.37544
0.926927 0.00512327 6.38432
0.928929 0.00748386 6.39201
0.930931 0.00543491 6.39828
0.932933 0.00671581 6.40546
0.934935 0.00497689 6.41624
0.936937 0.00657299 6.42388
0.938939 0.00621353 6.43153
0.940941 0.00642383 6.43991
0.942943 0.0060452 6.44862
0.944945 0.00686232 6.45775
0.946947 0.00660943 6.46506
0.948949 0.00644479 6.47303
0.950951 0.00674806 6.48175
0.952953 0.00708079 6.49107
0.954955 0.00643836 6.49976
0.956957 0.0065267 6.51034
0.958959 0.00828381 6.51868
0.960961 0.00802464 6.52549
0.962963 0.00725497 6.53434
0.964965 0.00657843 6.54471
0.966967 0.00956288 6.55471
0.968969 0.00812472 6.56206
0.970971 0.00748145 6.57145
0.972973 0.0080919 6.58082
0.974975 0.00737086 6.59172
0.976977 0.00933596 6.60153
0.978979 0.00969238 6.60995
0.980981 0.00804913 6.61818
0.982983 0.0086564 6.62962
0.984985 0.00789269 6.63785
0.986987 0.00842376 6.64914
0.988989 0.00951367 6.66029
0.990991 0.0115122 6.67059
0.992993 0.0100129 6.67965
0.994995 0.00936549 6.68915
0.996997 0.00943358 6.70312
0.998999 0.0105447 6.70885
1.001001 0.0101754 6.72222
1.003003 0.00998727 6.73142
1.005005 0.00818803 6.74279
1.007007 0.010148 6.75782
1.009009 0.0132274 6.76192
1.011011 0.0124594 6.77562
1.013013 0.0118408 6.78742
1.015015 0.0124679 6.79688
1.017017 0.00779404 6.80944
1.019019 0.0101659 6.8225
1.021021 0.0119927 6.83502
1.023023 0.0141275 6.84261
1.025025 0.012909 6.85341
1.027027 0.0112147 6.8678
1.029029 0.0149358 6.88096
1.031031 0.012522 6.89017
1.033033 0.0142144 6.90276
1.035035 0.0120994 6.91572
1.037037 0.0111075 6.93092
1.039039 0.0156574 6.94133
1.041041 0.0144366 6.95443
1.043043 0.0143058 6.96341
1.045045 0.0169662 6.97792
1.047047 0.01353 6.99059
1.049049 0.0129099 7.0095
1.051051 0.0155157 7.02026
1.053053 0.0174849 7.03201
1.055055 0.0157787 7.04387
1.057057 0.014338 7.06004
1.059059 0.0133231 7.07454
1.061061 0.020562 7.0888
1.063063 0.0176277 7.10171
1.065065 0.0140497 7.11163
1.067067 0.0158537 7.13199
1.069069 0.0180247 7.14763
1.071071 0.0206305 7.15918
1.073073 0.0182126 7.17409
1.075075 0.0175915 7.19494
1.077077 0.0227827 7.20338
1.079079 0.0143307 7.2211
1.081081 0.0201228 7.23736
1.083083 0.022068 7.25371
1.085085 0.0228686 7.26829
1.087087 0.0221353 7.28553
1.089089 0.0185622 7.30125
1.091091 0.0243094 7.32501
1.093093 0.022868 7.33129
1.095095 0.0227871 7.35065
1.097097 0.0211599 7.37331
1.099099 0.022497 7.39034
1.101101 0.0242341 7.4081
1.103103 0.025404 7.42453
1.105105 0.0229691 7.4446
1.107107 0.0265381 7.46097
1.109109 0.0200304 7.47633
1.111111 0.0272213 7.50299
1.113113 0.0268718 7.52298
1.115115 0.0306596 7.53918
1.117117 0.0283057 7.55984
1.119119 0.0241023 7.57715
1.121121 0.0332777 7.60673
1.123123 0.0302733 7.61761
1.125125 0.030589 7.6397
1.127127 0.0257319 7.66622
1.129129 0.0328253 7.69048
1.131131 0.0321262 7.7113
1.133133 0.0347898 7.73137
1.135135 0.0328343 7.76349
1.137137 0.0369166 7.77922
1.139139 0.0242565 7.80704
1.141141 0.033054 7.83736
1.143143 0.0429184 7.86214
1.145145 0.0340457 7.87999
1.147147 0.0359324 7.90948
1.149149 0.0322402 7.94846
1.151151 0.039423 7.9677
1.153153 0.0416372 7.99662
1.155155 0.0353764 8.02381
1.157157 0.0368263 8.06803
1.159159 0.0451748 8.08921
1.161161 0.0425559 8.13547
1.163163 0.0448354 8.16794
1.165165 0.0495972 8.20561
1.167167 0.0448538 8.25257
1.169169 0.059255 8.31446
1.171171 0.0903237 8.35496
1.173173 0.106186 8.38482
1.175175 0.129771 8.43401
1.177177 0.14572 8.48494
1.179179 0.182451 8.5054
1.181181 0.188348 8.54155
1.183183 0.247612 8.53113
1.185185 0.246247 8.59329
1.187187 0.268337 8.62731
1.189189 0.305061 8.61741
1.191191 0.301067 8.72246
1.193193 0.328777 8.70202
1.195195 0.325674 8.71009
1.197197 0.333339 8.75961
1.199199 0.432315 8.78507
1.201201 0.443544 8.75851
1.203203 0.394941 8.81971
1.205205 0.531788 8.88059
1.207207 0.495603 8.93428
1.209209 0.524307 8.91005
1.211211 0.488256 8.97441
1.213213 0.602932 9.01864
1.215215 0.600918 9.04961
1.217217 0.526727 8.97968
1.219219 0.559255 9.0765
1.221221 0.594008 9.16385
1.223223 0.610091 9.11326
1.225225 0.592528 9.19701
1.227227 0.706535 9.22315
1.229229 0.642852 9.38409
1.231231 0.695747 9.39137
1.233233 0.678803 9.44401
1.235235 0.83286 9.36846
1.237237 0.712662 9.53326
1.239239 0.849029 9.76214
1.241241 0.925925 9.66582
1.243243 0.914333 9.85555
1.245245 1.28132 9.95043
1.247247 1.23614 9.65863
1.249249 1.21114 9.73697
1.251251 1.49594 9.9197
1.253253 1.42532 9.84228
1.255255 1.4167 9.7319
1.257257 1.53715 9.81908
1.259259 1.68557 9.64089
1.261261 1.43976 9.89939
1.263263 1.94242 9.84754
1.265265 1.64013 9.63809
1.267267 2.00218 9.85954
1.269269 1.65642 9.66893
1.271271 1.94547 10.1392
1.273273 2.2345 9.67714
1.275275 2.07539 9.71088
1.277277 1.8475 9.62662
1.279279 2.17808 10.0901
1.281281 2.21052 9.67152
1.283283 2.37549 9.85614
1.285285 2.53133 9.70363
1.287287 2.28535 9.77756
1.289289 2.2878 10.0003
1.291291 2.63234 9.61862
1.293293 2.23596 9.48449
1.295295 2.17651 9.87054
1.297297 2.86972 9.66364
1.299299 2.34081 9.78267
1.301301 2.74177 9.54789
1.303303 2.40637 9.44456
1.305305 2.89036 9.75037
1.307307 2.2505 9.37202
1.309309 2.51304 9.8214
1.311311 2.86318 9.95194
1.313313 2.85363 9.35534
1.315315 2.60943 9.38681
1.317317 2.35722 9.29007
1.319319 2.77664 9.8033
1.321321 2.60166 9.29487
1.323323 2.90477 9.69098
1.325325 2.80963 9.76532
1.327327 2.93379 9.41303
1.329329 2.66507 9.37823
1.331331 2.7107 9.20254
1.333333 2.33211 9.54708
1.335335 2.88385 10.0928
1.337337 3.10144 9.86152
1.339339 2.97038 9.47147
1.341341 2.91646 9.3402
1.343343 2.87976 9.62127
1.345345 2.69937 9.55612
1.347347 2.89357 9.41682
1.349349 2.78778 9.81039
1.351351 3.05197 10.1321
1.353353 3.20054 9.75442
1.355355 3.29612 9.26241
1.357357 3.17188 9.46698
1.359359 2.98181 9.55131
1.361361 2.97121 9.59822
1.363363 2.69078 10.1199
1.365365 3.35288 9.57076
1.367367 2.9653 9.96871
1.369369 3.29094 9.75926
1.371371 3.38653 9.59698
1.373373 2.92289 9.66929
1.375375 2.95809 9.68533
1.377377 3.07678 9.80259
1.379379 3.20486 10.2116
1.381381 3.33924 10.0665
1.383383 3.55692 9.61987
1.385385 3.12134 9.40771
1.387387 3.12035 10.1425
1.389389 3.62132 10.0239
1.391391 3.10579 9.82953
1.393393 3.4244 10.0734
1.395395 3.26013 10.2537
1.397397 3.49216 10.262
1.399399 3.72764 10.3221
1.401401 3.52815 10.1504
1.403403 3.43383 9.98123
1.405405 3.20672 10.8138
1.407407 4.23273 10.5583
1.409409 4.04044 10.3113
1.411411 3.86518 10.4588
1.413413 3.87031 10.3366
1.415415 3.82729 10.6261
1.417417 3.98175 10.591
1.419419 4.46152 10.1478
1.421421 3.77252 10.4747
1.423423 4.0957 10.6106
1.425425 4.76008 10.9514
1.427427 4.32847 10.3892
1.429429 4.36759 10.65
1.431431 4.60572 10.7388
1.433433 4.36308 10.5659
1.435435 4.66227 10.7555
1.437437 4.60091 10.2895
1.439439 4.43952 10.6233
1.441441 4.91416 10.8826
1.443443 4.61187 10.2489
1.445445 4.91812 10.6197
1.447447 5.04807 10.5443
1.449449 4.80292 10.7072
1.451451 5.0898 10.5638
1.453453 5.18677 10.7524
1.455455 5.09969 10.5663
1.457457 5.21083 10.9012
1.459459 5.08836 10.5547
1.461461 5.36087 10.7483
1.463463 5.59512 10.5457
1.465465 5.17852 11.0325
1.467467 5.99446 10.7662
1.469469 5.45958 10.7721
1.471471 5.55257 10.7173
1.473473 5.7299 10.5018
1.475475 5.85625 10.7518
1.477477 5.68539 10.9116
1.479479 6.85428 11.1858
1.481481 6.05419 10.3076
1.483483 6.00504 10.8611
1.485485 5.74056 10.8546
1.487487 5.88423 11.1491
1.489489 7.1906 11.052
1.491491 6.91122 10.6801
1.493493 6.36062 10.6856
1.495495 6.53928 10.9397
1.497497 6.75232 10.9156
1.499499 7.00308 10.7302
1.501502 6.68379 10.6736
1.503504 6.81278 11.3509
1.505506 7.46924 10.8539
1.507508 7.41224 10.7021
1.509510 7.49598 10.7465
1.511512 7.44547 10.8885
1.513514 7.21201 10.6698
1.515516 7.89361 10.9429
1.517518 7.40997 10.699
1.519520 7.98861 10.7175
1.521522 7.98694 11.1048
1.523524 8.24679 10.2025
1.525526 7.79612 10.8255
1.527528 8.23448 10.6889
1.529530 8.37619 10.8176
1.531532 8.67405 10.1571
1.533534 8.72619 10.739
1.535536 8.82289 10.5164
1.537538 8.69929 10.8376
1.539540 9.3432 10.458
1.541542 9.15813 10.5172
1.543544 10.2399 10.3799
1.545546 9.53074 10.6241
1.547548 10.1598 10.4755
1.549550 10.8068 10.296
1.551552 11.6796 9.35096
1.553554 11.4267 8.80472
1.555556 10.5316 8.04786
1.557558 10.3931 8.08113
1.559560 10.4964 7.99084
1.561562 9.96226 8.50673
1.563564 9.70628 8.5088
1.565566 10.5225 8.21095
1.567568 9.96289 7.91427
1.569570 10.5579 8.06388
1.571572 10.3658 7.43794
1.573574 9.57301 8.43514
1.575576 10.3142 8.23145
1.577578 10.1839 8.06817
1.579580 10.2574 7.94953
1.581582 10.2172 8.11453
1.583584 9.49204 7.75873
1.585586 10.4972 8.36712
1.587588 9.814 8.11909
1.589590 10.8446 8.54982
1.591592 10.2987 7.44313
1.593594 10.4525 8.23805
1.595596 10.3714 8.00065
1.597598 10.4517 8.50226
1.599600 11.0445 8.15963
1.601602 11.2028 8.56907
1.603604 11.5925 8.53932
1.605606 11.5535 8.07606
1.607608 11.8092 8.34721
1.609610 12.9959 8.61177
1.611612 12.9441 7.85645
1.613614 13.2064 7.66163
1.615616 13.7042 7.33636
1.617618 14.5125 7.81782
1.619620 15.6056 7.05094
1.621622 16.8886 5.81075
1.623624 17.0093 2.95979
1.625626 15.1405 1.2318
1.627628 13.8549 1.50726
1.629630 12.9533 1.0398
1.631632 12.3966 1.31425
1.633634 11.7588 1.61072
1.635636 11.4162 1.16667
1.637638 11.1231 1.62191
1.639640 10.8787 1.33318
1.641642 10.5738 1.28068
1.643644 10.0766 1.58909
1.645646 10.1475 1.338
1.647648 9.99425 1.30035
1.649650 9.58651 1.77305
1.651652 9.65882 1.0887
1.653654 9.52085 1.8889
1.655656 9.23579 1.42956
1.657658 8.60478 1.7591
1.659660 8.92684 1.92255
1.661662 8.72027 1.7261
1.663664 8.43521 2.05498
1.665666 8.41517 2.26843
1.667668 8.75502 2.01829
1.669670 8.48313 2.62054
1.671672 8.61955 2.30917
1.673674 8.51302 1.93263
1.675676 8.68452 1.99002
1.677678 8.27697 1.99557
1.679680 8.15774 1.88305
1.681682 8.41439 2.01452
1.683684 7.82497 1.74922
1.685686 8.00815 2.1877
1.687688 7.64724 2.23025
1.689690 7.92 2.02748
1.691692 7.71367 1.80247
1.693694 7.33196 2.45975
1.695696 7.34848 2.26336
1.697698 7.86729 2.59144
1.699700 7.30357 2.44675
1.701702 7.51755 2.64481
1.703704 7.64721 2.71496
1.705706 7.18175 2.72932
1.707708 7.35899 2.75101
1.709710 7.48614 3.09037
1.711712 7.40001 3.0584
1.713714 7.60733 2.70095
1.715716 7.46798 2.84628
1.717718 7.62651 3.2143
1.719720 7.44965 3.27001
1.721722 7.61655 3.27106
1.723724 7.75355 3.2582
1.725726 7.5354 3.02567
1.727728 7.65335 3.58444
1.729730 7.45732 3.20933
1.731732 7.77707 3.32586
1.733734 8.27201 3.274
1.735736 8.21002 3.17982
1.737738 8.2911 2.92658
1.739740 8.28546 2.67735
1.741742 8.24426 2.85089
1.743744 8.50562 2.75048
1.745746 7.87008 2.28036
1.747748 8.0397 2.70973
1.749750 7.88435 2.34707
1.751752 7.45224 2.58361
1.753754 8.05354 2.68358
1.755756 7.88289 2.48549
1.757758 7.96098 2.69012
1.759760 8.08761 2.82613
1.761762 7.7781 2.7776
1.763764 7.96996 2.50238
1.765766 8.02082 2.34536
1.767768 7.60109 2.33884
1.769770 8.31259 3.18219
1.771772 8.2304 2.23575
1.773774 8.67121 2.86317
1.775776 8.95218 2.38547
1.777778 8.00226 2.08983
1.779780 8.2049 2.35006
1.781782 8.59125 2.02394
1.783784 8.08348 1.59648
1.785786 8.30717 1.39659
1.787788 8.37011 1.90219
1.789790 7.66189 1.3992
1.791792 7.83643 1.51302
1.793794 7.653 1.73377
1.795796 8.0398 1.74566
1.797798 7.8662 1.73898
1.799800 7.49563 1.36207
1.801802 7.29504 1.82137
1.803804 7.81873 1.77556
1.805806 7.71123 1.96517
1.807808 7.61161 1.22381
1.809810 7.555 1.54782
1.811812 7.78093 1.74393
1.813814 7.21213 1.39828
1.815816 7.59254 1.76038
1.817818 7.64674 1.68177
1.819820 7.69534 1.24542
1.821822 7.60468 1.6377
1.823824 7.36651 1.2627
1.825826 7.3671 1.64142
1.827828 7.78452 1.63164
1.829830 7.64035 1.09812
1.831832 7.59583 1.81371
1.833834 7.63487 1.41666
1.835836 7.45666 1.47835
1.837838 7.72414 1.41274
1.839840 7.50412 1.44845
1.841842 7.56085 1.36761
1.843844 7.57385 1.01713
1.845846 7.51258 1.29396
1.847848 7.65434 1.58544
1.849850 7.46402 1.32745
1.851852 7.8214 1.04672
1.853854 7.57824 1.28245
1.855856 7.42458 1.39265
1.857858 7.84508 0.465288
1.859860 7.25828 1.24691
1.861862 7.98645 0.949317
1.863864 7.14415 0.807604
1.865866 7.4176 1.22207
1.867868 7.84396 0.7131
1.869870 7.4477 0.689345
1.871872 7.67845 1.00428
1.873874 7.34707 0.66597
1.875876 7.55632 0.865028
1.877878 7.60355 0.72467
1.879880 7.48167 0.852927
1.881882 7.73114 0.624372
1.883884 7.27537 0.590526
1.885886 7.78601 0.643842
1.887888 7.34872 0.335183
1.889890 7.47755 0.772941
1.891892 7.32193 0.106946
1.893894 7.65655 0.594608
1.895896 7.58117 -0.371466
1.897898 7.22523 0.574049
1.899900 7.75408 -0.0739263
1.901902 7.44887 0.0812773
1.903904 7.62593 -0.080028
1.905906 7.62434 -0.123888
1.907908 7.59527 -0.270731
1.909910 7.74834 -0.164965
1.911912 7.63946 -0.45256
1.913914 7.49814 -0.648847
1.915916 7.64824 -0.689433
1.917918 7.70426 -1.03953
1.919920 7.65776 -1.57256
1.921922 7.22966 -1.41549
1.923924 6.80272 -1.50349
1.925926 6.96382 -1.4908
1.927928 6.86694 -1.59636
1.929930 6.62623 -1.57149
1.931932 6.32465 -1.47356
1.933934 6.20428 -1.74385
1.935936 6.33579 -1.41473
1.937938 6.06107 -1.66469
1.939940 6.02526 -1.53339
1.941942 6.02129 -1.59446
1.943944 5.52348 -1.56599
1.945946 5.5128 -1.43382
1.947948 5.54626 -1.56651
1.949950 5.80201 -1.28706
1.951952 5.35998 -1.42077
1.953954 5.39193 -1.36968
1.955956 5.31426 -1.30429
1.957958 5.2834 -1.21241
1.959960 4.97229 -1.21029
1.961962 5.17688 -1.02001
1.963964 5.17248 -1.5009
1.965966 4.81503 -1.02385
1.967968 5.0592 -1.25957
1.969970 5.11827 -1.09328
1.971972 4.85949 -0.85453
1.973974 4.9361 -0.8186
1.975976 5.09551 -0.744077
1.977978 5.39424 -1.30439
1.979980 4.7276 -1.2283
1.981982 4.53496 -0.868297
1.983984 4.64423 -1.04451
1.985986 5.0551 -0.612997
1.987988 5.17748 -1.25923
1.989990 4.76453 -1.4275
1.991992 4.76109 -1.29982
1.993994 4.51713 -1.13981
1.995996 4.68634 -1.28472
1.997998 4.73542 -0.73588
2.000000 5.19348 -1.46731
