-166.28875876167
-427.50594000000
-1410.49404735125
-356.16887974500
-614.87821167500
-343.19473808333
-460.91031897000
-94.93974049000
-366.68763079500
-153.89755746000
-212.79341696000
-271.75156714500
-40.32748048000
-696.04347264000
-601.03793732250
-352.85351984500
-411.74649568000
-287.37315579000
-453.71736447500
-984.84901239500
-641.64015986000
-959.70416928500
-606.22108950000
-206.68411518000
-372.99327188500
-560.44997734500
-135.25709165000
-407.27373625750
-253.36851748000
-312.28734428000
-99.47514156000
-217.32935625750
-276.25133492750
-117.83643855000
-1532.310530577
