-166.28875876167
-427.50594000000
-1235.33649497000
-356.16887974500
-464.69263404250
-268.12603418750
-335.74493123000
-94.93974049000
-291.58752889500
-128.85921188000
-162.73126883000
-196.57311752500
-40.32748048000
-545.93589493500
-450.91938839250
-277.79020271750
-311.65287140250
-287.37315579000
-453.71736447500
-759.68778381000
-491.54845956250
-684.35166738750
-481.10406636500
-206.68411518000
-372.99327188500
-410.24659265000
-135.25709165000
-332.18673019250
-203.32324509500
-237.20909689000
-74.45991793000
-142.22045064250
-176.09259684500
-67.73432261500
-1532.310530577
