-166.28875876167
-427.50594000000
-1240.83806297375
-356.16887974500
-469.37025873750
-270.45903834750
-339.63444842500
-94.93974049000
-293.91585121500
-129.63068356000
-164.27543265000
-198.88456537500
-40.32748048000
-550.65696964
-455.62702444750
-280.14071330500
-314.78236658250
-287.37315579000
-453.71736447500
-766.77399032000
-496.27701400250
-692.88546301500
-485.01493173250
-206.68411518000
-372.99327188500
-414.94379719000
-135.25709165000
-334.52221974500
-204.88771880500
-239.55753033500
-75.24670223000
-144.52861616500
-179.15959413000
-69.25550466500
-449.96771708500
-401.06573427500
-491.87403483500
-117.40175893000
-338.85971563500
-152.08862870000
-186.77376597000
-221.39441457750
-573.09330137000
-302.59096544250
-337.28567919000
-737.88857224000
-529.95971060500
-157.66714293000
-379.44779261500
-227.33107379500
-262.03020847000
-2225.05395588
-4427.68521771
-1532.310530577
