-166.28875876167
-417.96511041250
-1235.33649497000
-337.03311998500
-455.13294143250
-268.12603418750
-335.74493123000
-85.36150735000
-272.31403902500
-119.24726989000
-153.12499288000
-187.00722869875
-40.32748048000
-536.29636738000
-450.91938839250
-268.16353466000
-302.05007992000
-287.37315579000
-453.71736447500
-759.68778381000
-491.54845956250
-665.23149461750
-461.88551125750
-206.68411518000
-372.99327188500
-410.24659265000
-125.73841060000
-312.91444560750
-193.67717757500
-227.62280680500
-74.45991793000
-142.22045064250
-176.09259684500
-67.73432261500
-1532.310530577
