-166.28875876167
-417.96511041250
-1410.49404735125
-337.03311998500
-605.30631491500
-343.19473808333
-460.91031897000
-85.36150735000
-347.44895500000
-144.28774202500
-203.21085001000
-262.13770283750
-40.32748048000
-686.422719125
-601.03793732250
-343.22777682500
-402.15314914000
-287.37315579000
-453.71736447500
-984.84901239500
-641.64015986000
-940.58118120750
-587.00812021000
-206.68411518000
-372.99327188500
-560.44997734500
-125.73841060000
-388.02854791500
-243.74033063500
-302.70852953500
-99.47514156000
-217.32935625750
-276.25133492750
-117.83643855000
-1532.310530577
