-166.28875876167
-417.96511041250
-1240.83806297375
-337.03311998500
-459.81587080000
-270.45903834750
-339.63444842500
-85.36150735000
-274.61667362500
-120.02175845750
-154.67595874750
-189.32516741250
-40.32748048000
-540.98911217000
-455.62702444750
-270.51719273250
-305.17559101750
-287.37315579000
-453.71736447500
-766.77399032000
-496.27701400250
-673.78021409250
-465.80398583750
-206.68411518000
-372.99327188500
-414.94379719000
-125.73841060000
-315.23936337000
-195.22945666500
-229.96392222500
-75.24670223000
-144.52861616500
-179.15959413000
-69.25550466500
-1532.310530577
