-166.28875876167
-449.96771708500
-1235.33649497000
-401.06573427500
-487.17844835000
-268.12603418750
-335.74493123000
-117.40175893000
-336.50273628500
-151.30667638000
-185.20925854000
-219.06290896000
-40.32748048000
-568.36770393000
-450.91938839250
-300.23181522000
-334.13773457250
-287.37315579000
-453.71736447500
-759.68778381000
-491.54845956250
-729.31612139500
-526.02578360500
-206.68411518000
-372.99327188500
-410.24659265000
-157.66714293000
-377.09279830000
-225.75990263000
-259.68185791750
-74.45991793000
-142.22045064250
-176.09259684500
-67.73432261500
-1532.310530577
