-166.28875876167
-449.96771708500
-1410.49404735125
-401.06573427500
-637.33457258750
-343.19473808333
-460.91031897000
-117.40175893000
-411.57668597500
-176.34482239667
-235.26840099000
-294.19996889500
-40.32748048000
-718.47572822
-601.03793732250
-375.28876477250
-434.21477589000
-287.37315579000
-453.71736447500
-984.84901239500
-641.64015986000
-1004.62794150000
-651.12858625000
-206.68411518000
-372.99327188500
-560.44997734500
-157.66714293000
-452.16766735000
-275.79977944500
-334.74442696000
-99.47514156000
-217.32935625750
-276.25133492750
-117.83643855000
-1532.310530577
