-166.28875876167
-449.96771708500
-1240.83806297375
-401.06573427500
-491.87403483500
-270.45903834750
-339.63444842500
-117.40175893000
-338.85971563500
-152.08862870000
-186.77376597000
-221.39441457750
-40.32748048000
-573.09330137000
-455.62702444750
-302.59096544250
-337.28567919000
-287.37315579000
-453.71736447500
-766.77399032000
-496.27701400250
-737.88857224000
-529.95971060500
-206.68411518000
-372.99327188500
-414.94379719000
-157.66714293000
-379.44779261500
-227.33107379500
-262.03020847000
-75.24670223000
-144.52861616500
-179.15959413000
-69.25550466500
-1532.310530577
