-192.97158220500
-480.85661289750
-1395.24639023250
-382.82287121500
-491.32258004750
-294.75455134750
-362.46688995000
-94.93974049000
-291.58752889500
-128.85921188000
-162.73126883000
-196.57311752500
-40.32748048000
-572.57382145000
-477.59660914000
-277.79020271750
-311.65287140250
-314.05096481000
-507.08340030000
-812.97507737000
-518.18105649750
-684.35166738750
-481.10406636500
-233.36702844875
-426.32587770000
-436.97261897500
-135.25709165000
-332.18673019250
-203.32324509500
-237.20909689000
-74.45991793000
-142.22045064250
-176.09259684500
-67.73432261500
-1745.76539159
