-192.97158220500
-480.85661289750
-1570.42363937125
-382.82287121500
-641.51874911500
-369.83287805167
-487.58427218000
-94.93974049000
-366.68763079500
-153.89755746000
-212.79341696000
-271.75156714500
-40.32748048000
-722.68357304000 
-627.70409099250
-352.85351984500
-411.74649568000
-314.05096481000
-507.08340030000
-1038.13224493500
-668.27555459250
-959.70416928500
-606.22108950000
-233.36702844875
-426.32587770000
-587.10216220000
-135.25709165000
-407.27373625750
-253.36851748000
-312.28734428000
-99.47514156000
-217.32935625750
-276.25133492750
-117.83643855000
-1745.76539159
