-192.97158220500
-471.32179659250
-1395.24639023250
-363.68047407500
-481.76337881750
-294.75455134750
-362.46688995000
-85.36150735000
-272.31403902500
-119.24726989000
-153.12499288000
-187.00722869875
-40.32748048000
-562.92710761000
-477.59660914000
-268.16353466000
-302.05007992000
-314.05096481000
-507.08340030000
-812.97507737000
-518.18105649750
-665.23149461750
-461.88551125750
-233.36702844875
-426.32587770000
-436.97261897500
-125.73841060000
-312.91444560750
-193.67717757500
-227.62280680500
-74.45991793000
-142.22045064250
-176.09259684500
-67.73432261500
-1745.76539159
