-192.97158220500
-471.32179659250
-1570.42363937125
-363.68047407500
-631.94327566750
-369.83287805167
-487.58427218000
-85.36150735000
-347.44895500000
-144.28774202500
-203.21085001000
-262.13770283750
-40.32748048000
-713.06043924000
-627.70409099250
-343.22777682500
-402.15314914000
-314.05096481000
-507.08340030000
-1038.13224493500
-668.27555459250
-940.58118120750
-587.00812021000
-233.36702844875
-426.32587770000
-587.10216220000
-125.73841060000
-388.02854791500
-243.74033063500
-302.70852953500
-99.47514156000
-217.32935625750
-276.25133492750
-117.83643855000
-1745.76539159
