-192.97158220500
-471.32179659250
-1400.74818564000
-363.68047407500
-486.44433526750
-297.11405222250
-366.39735436000
-85.36150735000
-274.61667362500
-120.02175845750
-154.67595874750
-189.32516741250
-40.32748048000
-567.62997866000
-482.31620323750
-270.51719273250
-305.17559101750
-314.05096481000
-507.08340030000
-820.06282268000
-522.90834292500
-673.78021409250
-465.80398583750
-233.36702844875
-426.32587770000
-441.70686096000
-125.73841060000
-315.23936337000
-195.22945666500
-229.96392222500
-75.24670223000
-144.52861616500
-179.15959413000
-69.25550466500
-1745.76539159
