-192.97158220500
-503.33164772000
-1400.74818564000
-427.77187564500
-518.50321240750
-297.11405222250
-366.39735436000
-117.40175893000
-338.85971563500
-152.08862870000
-186.77376597000
-221.39441457750
-40.32748048000
-599.72959667000
-482.31620323750
-302.59096544250
-337.28567919000
-314.05096481000
-507.08340030000
-820.06282268000
-522.90834292500
-737.88857224000
-529.95971060500
-233.36702844875
-426.32587770000
-441.70686096000
-157.66714293000
-379.44779261500
-227.33107379500
-262.03020847000
-75.24670223000
-144.52861616500
-179.15959413000
-69.25550466500
-1745.76539159
