-192.97158220500
-503.33164772000
-1570.42363937125
-427.77187564500
-663.97769682250
-369.83287805167
-487.58427218000
-117.40175893000
-411.57668597500
-176.34482239667
-235.26840099000
-294.19996889500
-40.32748048000
-745.11072585000
-627.70409099250
-375.28876477250
-434.21477589000
-314.05096481000
-507.08340030000
-1038.13224493500
-668.27555459250
-1004.62794150000
-651.12858625000
-233.36702844875
-426.32587770000
-587.10216220000
-157.66714293000
-452.16766735000
-275.79977944500
-334.74442696000
-99.47514156000
-217.32935625750
-276.25133492750
-117.83643855000
-1745.76539159
