-192.97158220500
-503.33164772000
-1395.24639023250
-427.77187564500
-513.81229228000
-294.75455134750
-362.46688995000
-117.40175893000
-336.50273628500
-151.30667638000
-185.20925854000
-219.06290896000
-40.32748048000
-595.00644207000
-477.59660914000
-300.23181522000
-334.13773457250
-314.05096481000
-507.08340030000
-812.97507737000
-518.18105649750
-729.31612139500
-526.02578360500
-233.36702844875
-426.32587770000
-436.97261897500
-157.66714293000
-377.09279830000
-225.75990263000
-259.68185791750
-74.45991793000
-142.22045064250
-176.09259684500
-67.73432261500
-1745.76539159
