   1   2   2   0   0   0
   2   4   4   0   0   0
   3   6   6   0   0   0
   4   8   8   0   0   0
    5   10   10    0    0    0
    6   12   12    0    0    0
    7   14   14    0    0    0
    8   16   16    0    0    0
    9   18   18    0    0    0
   10   20   20    0    0    0
   11   22   22    0    0    0
   12   24   24    0    0    0
   13   26   26    0    0    0
   14   28   28    0    0    0
   15   30   30    0    0    0
   16   32   32    0    0    0
   17   34   34    0    0    0
   18   36   36    0    0    0
   19   38   38    0    0    0
   20   40   40    0    0    0
