    0.0000   57.5526
    0.0133   57.5257
    0.0265   57.4430
    0.0398   57.2989
    0.0530   57.0846
    0.0663   56.7882
    0.0795   56.3953
    0.0928   55.8900
    0.1061   55.2548
    0.1193   54.4722
    0.1326   53.5246
    0.1458   52.3956
    0.1591   51.0703
    0.1723   49.5370
    0.1856   47.7873
    0.1988   45.8167
    0.2121   43.6273
    0.2254   41.2254
    0.2386   38.6241
    0.2519   35.8398
    0.2651   32.8954
    0.2784   29.8167
    0.2916   26.6317
    0.3049   23.3685
    0.3182   20.0536
    0.3314   16.7102
    0.3447   13.3567
    0.3579   10.0057
    0.3712    6.6639
    0.3844    3.3272
    0.3977    0.0000
    0.3977    0.0000
    0.4118    3.8226
    0.4260    7.6798
    0.4401   11.6020
    0.4543   15.6130
    0.4684   19.7421
    0.4825   23.9677
    0.4967   28.3075
    0.5108   32.7584
    0.5250   37.3147
    0.5391   41.9697
    0.5533   46.7164
    0.5674   51.5479
    0.5815   56.4575
    0.5957   61.4381
    0.6098   66.4815
    0.6240   71.5776
    0.6381   76.7126
    0.6523   81.8660
    0.6664   87.0091
    0.6805   92.0908
    0.6947   97.0181
    0.7088  101.5941
    0.7230  105.3626
    0.7371  107.4688
    0.7512  107.4437
    0.7654  105.9652
    0.7795  103.7527
    0.7937  101.1419
    0.8078   98.2741
    0.8220   95.2159
    0.8361   92.0047
    0.8502   88.6664
    0.8644   85.2237
    0.8785   81.6997
    0.8927   78.1216
    0.9068   74.5223
    0.9210   70.9426
    0.9351   67.4333
    0.9492   64.0572
    0.9634   60.8903
    0.9775   58.0234
    0.9917   55.5594
    1.0058   53.6102
    1.0199   52.2863
    1.0341   51.6844
    1.0482   51.8715
    1.0624   52.8731
    1.0765   54.6694
    1.0907   57.2017
    1.1048   60.3830
    1.1247   60.6935
    1.1446   61.5902
    1.1645   62.9767
    1.1843   64.7074
    1.2042   66.6074
    1.2241   68.4916
    1.2440   70.1805
    1.2639   71.5150
    1.2838   72.3697
    1.3036   72.6639
    1.3203   70.3298
    1.3370   68.7092
    1.3536   67.8517
    1.3703   67.7827
    1.3870   68.4995
    1.4036   69.9701
    1.4203   72.1393
    1.4370   74.9343
    1.4536   78.2739
    1.4703   82.0742
    1.4870   86.2542
    1.5036   90.7371
    1.5203   95.4506
    1.5370  100.3254
    1.5536  105.2909
    1.5703  110.2676
    1.5870  115.1518
    1.6036  119.7822
    1.6203  123.8609
    1.6370  126.7939
    1.6536  127.6176
    1.6703  125.7688
    1.6870  121.8770
    1.7036  116.8999
    1.7203  111.5302
    1.7370  106.2789
    1.7536  101.5902
    1.7703   97.8722
    1.7870   95.4769
    1.8036   94.6490
    1.8216   94.5950
    1.8395   94.4305
    1.8575   94.1487
    1.8754   93.7361
    1.8933   93.1779
    1.9113   92.4532
    1.9292   91.5400
    1.9471   90.4142
    1.9651   89.0516
    1.9830   87.4283
    2.0009   85.5229
    2.0189   83.3173
    2.0368   80.7972
    2.0548   77.9542
    2.0727   74.7852
    2.0906   71.2935
    2.1086   67.4880
    2.1265   63.3839
    2.1444   59.0009
    2.1624   54.3623
    2.1803   49.4953
    2.1982   44.4289
    2.2162   39.1929
    2.2341   33.8168
    2.2521   28.3285
    2.2700   22.4140
    2.2879   16.5490
    2.3059   10.8773
    2.3238    5.3835
    2.3417    0.0000
    2.3417    0.0000
    2.3238    5.7227
    2.3059   11.4323
    2.2879   17.1159
    2.2700   22.7539
    2.2521   28.4683
    2.2341   34.6755
    2.2162   40.9919
    2.1982   47.3746
    2.1803   53.7852
    2.1624   60.1895
    2.1444   66.5575
    2.1265   72.8608
    2.1086   79.0749
    2.0906   85.1729
    2.0727   91.1284
    2.0548   96.9136
    2.0368  102.4984
    2.0189  107.8502
    2.0009  112.9341
    1.9830  117.7134
    1.9651  122.1510
    1.9471  126.2112
    1.9292  129.8611
    1.9113  133.0723
    1.8933  135.8215
    1.8754  138.0901
    1.8575  139.8664
    1.8395  141.1404
    1.8216  141.9070
    1.8036  142.1629
    1.7870  141.7324
    1.7703  140.7768
    1.7536  139.8418
    1.7370  139.2461
    1.7203  139.1056
    1.7036  139.4374
    1.6870  140.2178
    1.6703  141.4064
    1.6536  142.9527
    1.6370  144.7949
    1.6203  146.8397
    1.6036  148.9205
    1.5870  150.6275
    1.5703  150.8049
    1.5536  148.0259
    1.5370  143.2316
    1.5203  137.7023
    1.5036  131.9115
    1.4870  126.0345
    1.4703  120.1580
    1.4536  114.3395
    1.4370  108.6256
    1.4203  103.0604
    1.4036   97.6890
    1.3870   92.5600
    1.3703   87.7275
    1.3536   83.2519
    1.3370   79.2003
    1.3203   75.6456
    1.3036   72.6639
    1.2838   72.3697
    1.2639   71.5150
    1.2440   70.1805
    1.2241   68.4916
    1.2042   66.6074
    1.1843   64.7074
    1.1645   62.9767
    1.1446   61.5902
    1.1247   60.6935
    1.1048   60.3830
    1.0907   64.1148
    1.0765   68.2960
    1.0624   72.8310
    1.0482   77.6317
    1.0341   82.6186
    1.0199   87.7197
    1.0058   92.8684
    0.9917   98.0012
    0.9775  103.0558
    0.9634  107.9680
    0.9492  112.6698
    0.9351  117.0876
    0.9210  121.1424
    0.9068  124.7533
    0.8927  127.8435
    0.8785  130.3523
    0.8644  132.2477
    0.8502  133.5323
    0.8361  134.2409
    0.8220  134.4284
    0.8078  134.1560
    0.7937  133.4795
    0.7795  132.4431
    0.7654  128.3709
    0.7512  124.4584
    0.7371  121.8021
    0.7230  121.1025
    0.7088  121.9130
    0.6947  119.7168
    0.6805  116.5367
    0.6664  113.0454
    0.6523  109.2413
    0.6381  105.1251
    0.6240  100.7008
    0.6098   95.9753
    0.5957   90.9586
    0.5815   85.6637
    0.5674   80.1056
    0.5533   74.3017
    0.5391   68.2707
    0.5250   62.0325
    0.5108   55.6078
    0.4967   49.0175
    0.4825   42.2824
    0.4684   35.4237
    0.4543   28.4613
    0.4401   21.4176
    0.4260   14.3125
    0.4118    7.1665
    0.3977    0.0000
    0.3977    0.0000
    0.3844    3.3272
    0.3712    6.6639
    0.3579   10.0057
    0.3447   13.3567
    0.3314   16.7102
    0.3182   20.0536
    0.3049   23.3685
    0.2916   26.6317
    0.2784   29.8167
    0.2651   32.8954
    0.2519   35.8398
    0.2386   38.6241
    0.2254   41.2254
    0.2121   43.6273
    0.1988   45.8167
    0.1856   47.7873
    0.1723   49.5370
    0.1591   51.0704
    0.1458   52.3956
    0.1326   53.5246
    0.1193   54.4722
    0.1061   55.2548
    0.0928   55.8900
    0.0795   56.3953
    0.0663   56.7882
    0.0530   57.0846
    0.0398   57.2989
    0.0265   57.4430
    0.0133   57.5257
    0.0000   57.5526
    0.0000  137.8127
    0.0133  137.8299
    0.0265  137.8814
    0.0398  137.9667
    0.0530  138.0849
    0.0663  138.2346
    0.0795  138.4138
    0.0928  138.6196
    0.1061  138.8487
    0.1193  139.0969
    0.1326  139.3599
    0.1458  139.6332
    0.1591  139.9127
    0.1723  138.6708
    0.1856  130.8013
    0.1988  122.8779
    0.2121  114.8976
    0.2254  106.8610
    0.2386   98.7742
    0.2519   90.6383
    0.2651   82.4627
    0.2784   74.2555
    0.2916   66.0249
    0.3049   57.7788
    0.3182   49.5241
    0.3314   41.2665
    0.3447   33.0099
    0.3579   24.7573
    0.3712   16.5107
    0.3844    8.2459
    0.3977    0.0000
    0.3977    0.0000
    0.4118   11.8261
    0.4260   23.6372
    0.4401   35.4186
    0.4543   47.1554
    0.4684   58.8331
    0.4825   70.4366
    0.4967   81.9518
    0.5108   93.3642
    0.5250  104.6597
    0.5391  115.8244
    0.5533  126.8444
    0.5674  137.4959
    0.5815  136.2737
    0.5957  134.9453
    0.6098  133.5142
    0.6240  131.9850
    0.6381  130.3645
    0.6523  128.6643
    0.6664  126.9045
    0.6805  125.1231
    0.6947  123.3991
    0.7088  122.5894
    0.7230  125.1590
    0.7371  127.4302
    0.7512  129.4039
    0.7654  131.0781
    0.7795  132.7959
    0.7937  137.3741
    0.8078  141.9414
    0.8220  146.4108
    0.8361  150.7279
    0.8502  154.8549
    0.8644  158.7638
    0.8785  162.4336
    0.8927  165.8499
    0.9068  169.0029
    0.9210  171.8877
    0.9351  174.5038
    0.9492  176.8536
    0.9634  178.9425
    0.9775  180.7782
    0.9917  182.3697
    1.0058  183.7267
    1.0199  184.8594
    1.0341  185.5572
    1.0482  186.1607
    1.0624  186.6770
    1.0765  187.0865
    1.0907  187.3732
    1.1048  187.5212
    1.1247  187.4577
    1.1446  187.2702
    1.1645  186.9707
    1.1843  186.5788
    1.2042  186.1242
    1.2241  185.6483
    1.2440  185.1994
    1.2639  184.8294
    1.2838  184.5852
    1.3036  184.4999
    1.3203  183.9713
    1.3370  183.2475
    1.3536  182.3538
    1.3703  181.3147
    1.3870  180.1535
    1.4036  178.8902
    1.4203  177.5425
    1.4370  176.1220
    1.4536  174.6346
    1.4703  173.0784
    1.4870  171.4437
    1.5036  169.7112
    1.5203  167.0528
    1.5370  164.5627
    1.5536  162.7539
    1.5703  161.1981
    1.5870  158.5385
    1.6036  155.7116
    1.6203  152.9269
    1.6370  150.7130
    1.6536  149.9993
    1.6703  151.3571
    1.6870  154.2115
    1.7036  157.7070
    1.7203  161.3008
    1.7370  164.6680
    1.7536  167.5745
    1.7703  169.2705
    1.7870  165.4070
    1.8036  163.9781
    1.8216  163.9586
    1.8395  163.9002
    1.8575  163.8039
    1.8754  163.6707
    1.8933  163.5026
    1.9113  163.3015
    1.9292  163.0698
    1.9471  162.8103
    1.9651  162.5252
    1.9830  162.2165
    2.0009  161.6614
    2.0189  160.2202
    2.0368  158.7608
    2.0548  157.2806
    2.0727  155.7635
    2.0906  154.1665
    2.1086  152.3824
    2.1265  150.1197
    2.1444  146.5215
    2.1624  139.8718
    2.1803  129.8499
    2.1982  117.8887
    2.2162  104.8458
    2.2341   91.0632
    2.2521   76.7112
    2.2700   61.9051
    2.2879   46.7412
    2.3059   31.3099
    2.3238   15.6992
    2.3417    0.0000
    2.3417  143.1605
    2.3238  143.4537
    2.3059  144.2970
    2.2879  145.3299
    2.2700  146.4010
    2.2521  147.4777
    2.2341  148.6026
    2.2162  149.8518
    2.1982  151.3565
    2.1803  153.4182
    2.1624  156.8550
    2.1444  158.0125
    2.1265  158.7083
    2.1086  159.3077
    2.0906  159.8376
    2.0727  160.3143
    2.0548  160.7506
    2.0368  161.1546
    2.0189  161.5318
    2.0009  161.8853
    1.9830  163.0783
    1.9651  164.4582
    1.9471  165.7838
    1.9292  167.0338
    1.9113  168.1846
    1.8933  169.2110
    1.8754  170.0891
    1.8575  170.7972
    1.8395  171.3168
    1.8216  171.6343
    1.8036  171.7411
    1.7870  171.2512
    1.7703  169.8239
    1.7536  174.7447
    1.7370  180.9717
    1.7203  186.8477
    1.7036  190.7569
    1.6870  191.3999
    1.6703  189.2291
    1.6536  185.4479
    1.6370  180.8481
    1.6203  175.8556
    1.6036  170.7802
    1.5870  166.0861
    1.5703  162.9392
    1.5536  163.6306
    1.5370  165.8397
    1.5203  167.8546
    1.5036  169.7182
    1.4870  172.3526
    1.4703  174.8452
    1.4536  177.1252
    1.4370  179.1441
    1.4203  180.8711
    1.4036  182.2888
    1.3870  183.3915
    1.3703  184.1816
    1.3536  184.6701
    1.3370  184.8724
    1.3203  184.8083
    1.3036  184.4999
    1.2838  184.5852
    1.2639  184.8294
    1.2440  185.1994
    1.2241  185.6483
    1.2042  186.1242
    1.1843  186.5788
    1.1645  186.9707
    1.1446  187.2702
    1.1247  187.4577
    1.1048  187.5212
    1.0907  187.5185
    1.0765  187.3530
    1.0624  187.0148
    1.0482  186.4933
    1.0341  185.7782
    1.0199  184.8897
    1.0058  184.1859
    0.9917  183.4788
    0.9775  182.8080
    0.9634  182.2207
    0.9492  181.7729
    0.9351  181.5297
    0.9210  181.5646
    0.9068  181.9553
    0.8927  182.7742
    0.8785  184.0774
    0.8644  185.8910
    0.8502  188.2027
    0.8361  190.9649
    0.8220  194.1050
    0.8078  197.5395
    0.7937  201.1845
    0.7795  204.9622
    0.7654  208.8027
    0.7512  212.6430
    0.7371  216.4259
    0.7230  220.0978
    0.7088  223.6076
    0.6947  226.1176
    0.6805  217.2838
    0.6664  208.1719
    0.6523  198.7949
    0.6381  189.1661
    0.6240  179.2984
    0.6098  169.2052
    0.5957  158.8998
    0.5815  148.3956
    0.5674  137.7060
    0.5533  138.6088
    0.5391  139.6091
    0.5250  140.4929
    0.5108  141.2556
    0.4967  141.8918
    0.4825  142.3966
    0.4684  142.7670
    0.4543  143.0066
    0.4401  143.1307
    0.4260  143.1699
    0.4118  143.1668
    0.3977  143.1605
    0.3977  143.1605
    0.3844  143.1498
    0.3712  143.1177
    0.3579  143.0631
    0.3447  142.9851
    0.3314  142.8827
    0.3182  142.7555
    0.3049  142.6042
    0.2916  142.4299
    0.2784  142.2345
    0.2651  142.0204
    0.2519  141.7902
    0.2386  141.5462
    0.2254  141.2908
    0.2121  141.0260
    0.1988  140.7537
    0.1856  140.4759
    0.1723  140.1947
    0.1591  139.9127
    0.1458  139.6332
    0.1326  139.3599
    0.1193  139.0969
    0.1061  138.8487
    0.0928  138.6196
    0.0795  138.4138
    0.0663  138.2346
    0.0530  138.0849
    0.0398  137.9667
    0.0265  137.8814
    0.0133  137.8299
    0.0000  137.8127
    0.0000  172.3541
    0.0133  172.3306
    0.0265  172.2601
    0.0398  172.1430
    0.0530  171.9803
    0.0663  171.7729
    0.0795  171.5224
    0.0928  171.2304
    0.1061  170.8999
    0.1193  169.7364
    0.1326  162.0120
    0.1458  154.2669
    0.1591  146.4898
    0.1723  140.1947
    0.1856  140.4759
    0.1988  140.7537
    0.2121  141.0260
    0.2254  141.2908
    0.2386  141.5462
    0.2519  141.7902
    0.2651  142.0204
    0.2784  142.2345
    0.2916  142.4299
    0.3049  142.6042
    0.3182  142.7555
    0.3314  142.8827
    0.3447  142.9851
    0.3579  143.0631
    0.3712  143.1177
    0.3844  143.1498
    0.3977  143.1605
    0.3977  143.1605
    0.4118  143.5906
    0.4260  144.8647
    0.4401  146.9354
    0.4543  149.7315
    0.4684  153.1668
    0.4825  157.1507
    0.4967  161.5979
    0.5108  166.4340
    0.5250  171.5969
    0.5391  177.0364
    0.5533  182.7096
    0.5674  188.5803
    0.5815  194.6152
    0.5957  200.7838
    0.6098  207.0569
    0.6240  213.4072
    0.6381  219.8084
    0.6523  226.2357
    0.6664  232.6653
    0.6805  229.9433
    0.6947  226.9055
    0.7088  234.6607
    0.7230  242.9006
    0.7371  250.8261
    0.7512  258.4254
    0.7654  265.6902
    0.7795  269.6752
    0.7937  272.4495
    0.8078  275.1892
    0.8220  277.9359
    0.8361  280.7280
    0.8502  283.5994
    0.8644  286.5783
    0.8785  289.6864
    0.8927  292.9393
    0.9068  296.3449
    0.9210  299.9049
    0.9351  303.6153
    0.9492  307.4667
    0.9634  311.4458
    0.9775  315.5364
    0.9917  319.7202
    1.0058  323.9780
    1.0199  328.2902
    1.0341  332.6378
    1.0482  337.0024
    1.0624  341.3671
    1.0765  342.7491
    1.0907  343.1801
    1.1048  343.4007
    1.1247  342.7778
    1.1446  341.2752
    1.1645  339.4386
    1.1843  337.5856
    1.2042  335.8777
    1.2241  334.4046
    1.2440  333.2195
    1.2639  332.3549
    1.2838  331.8297
    1.3036  331.6536
    1.3203  329.1747
    1.3370  326.4171
    1.3536  323.4434
    1.3703  320.3164
    1.3870  317.0984
    1.4036  313.8495
    1.4203  310.6251
    1.4370  307.4712
    1.4536  304.4200
    1.4703  301.4836
    1.4870  298.6485
    1.5036  295.8669
    1.5203  293.0475
    1.5370  290.0398
    1.5536  286.6146
    1.5703  282.4491
    1.5870  277.1675
    1.6036  270.5096
    1.6203  262.5438
    1.6370  253.6716
    1.6536  244.4744
    1.6703  235.6872
    1.6870  228.3805
    1.7036  224.0062
    1.7203  223.2451
    1.7370  225.0068
    1.7536  227.8580
    1.7703  230.8388
    1.7870  233.1822
    1.8036  234.1020
    1.8216  234.1065
    1.8395  234.1176
    1.8575  234.1274
    1.8754  234.1163
    1.8933  234.0437
    1.9113  233.8333
    1.9292  233.3546
    1.9471  232.4093
    1.9651  230.7423
    1.9830  227.2127
    2.0009  222.7770
    2.0189  218.1688
    2.0368  213.3649
    2.0548  206.3921
    2.0727  198.5838
    2.0906  190.0607
    2.1086  180.9852
    2.1265  171.6892
    2.1444  163.0634
    2.1624  157.1823
    2.1803  156.1633
    2.1982  154.8909
    2.2162  153.3138
    2.2341  151.4497
    2.2521  149.4231
    2.2700  147.4316
    2.2879  145.6752
    2.3059  144.3128
    2.3238  143.4807
    2.3417  143.1605
    2.3417  161.6037
    2.3238  161.7021
    2.3059  162.0068
    2.2879  162.5479
    2.2700  163.3836
    2.2521  164.6074
    2.2341  166.3444
    2.2162  168.7120
    2.1982  171.7537
    2.1803  175.4086
    2.1624  179.5520
    2.1444  184.0505
    2.1265  188.7892
    2.1086  193.6758
    2.0906  198.6366
    2.0727  203.6119
    2.0548  208.5525
    2.0368  213.4168
    2.0189  219.3813
    2.0009  224.3202
    1.9830  228.0998
    1.9651  231.4502
    1.9471  235.4654
    1.9292  239.2362
    1.9113  242.7420
    1.8933  245.9638
    1.8754  248.8845
    1.8575  251.4880
    1.8395  253.7567
    1.8216  255.6526
    1.8036  256.7745
    1.7870  257.7179
    1.7703  259.6857
    1.7536  261.6134
    1.7370  264.1277
    1.7203  267.1214
    1.7036  270.5179
    1.6870  274.2699
    1.6703  278.3446
    1.6536  282.7067
    1.6370  287.3071
    1.6203  292.0794
    1.6036  296.9441
    1.5870  301.8160
    1.5703  306.6124
    1.5536  311.2584
    1.5370  315.6882
    1.5203  319.8450
    1.5036  323.6784
    1.4870  327.1417
    1.4703  330.1896
    1.4536  332.7776
    1.4370  334.8624
    1.4203  336.4051
    1.4036  337.3754
    1.3870  337.7584
    1.3703  337.5584
    1.3536  336.8006
    1.3370  335.5272
    1.3203  333.7917
    1.3036  331.6536
    1.2838  331.8297
    1.2639  332.3549
    1.2440  333.2195
    1.2241  334.4046
    1.2042  335.8777
    1.1843  337.5856
    1.1645  339.4386
    1.1446  341.2752
    1.1247  342.7778
    1.1048  343.4007
    1.0907  343.4128
    1.0765  343.2164
    1.0624  342.1047
    1.0482  341.2428
    1.0341  340.1582
    1.0199  338.8444
    1.0058  337.2944
    0.9917  335.5000
    0.9775  333.4524
    0.9634  331.1417
    0.9492  328.5578
    0.9351  325.6898
    0.9210  322.5262
    0.9068  319.0566
    0.8927  315.2698
    0.8785  311.1555
    0.8644  306.7044
    0.8502  301.9084
    0.8361  296.7614
    0.8220  291.2591
    0.8078  285.3995
    0.7937  279.1828
    0.7795  272.6115
    0.7654  266.8230
    0.7512  263.8497
    0.7371  260.7143
    0.7230  257.3795
    0.7088  251.7468
    0.6947  245.4421
    0.6805  239.0747
    0.6664  232.6747
    0.6523  235.0572
    0.6381  232.0244
    0.6240  226.9084
    0.6098  221.5968
    0.5957  216.1320
    0.5815  210.5640
    0.5674  204.9502
    0.5533  199.3546
    0.5391  193.8485
    0.5250  188.5094
    0.5108  183.4208
    0.4967  178.6717
    0.4825  174.3539
    0.4684  170.5585
    0.4543  167.3686
    0.4401  164.8503
    0.4260  163.0439
    0.4118  161.9628
    0.3977  161.6037
    0.3977  161.6037
    0.3844  161.6451
    0.3712  161.7684
    0.3579  161.9705
    0.3447  162.2464
    0.3314  162.5894
    0.3182  162.9911
    0.3049  163.4423
    0.2916  163.9329
    0.2784  164.4531
    0.2651  164.9934
    0.2519  165.5453
    0.2386  166.1015
    0.2254  166.6557
    0.2121  167.2028
    0.1988  167.7387
    0.1856  168.2603
    0.1723  168.7632
    0.1591  169.2450
    0.1458  169.7027
    0.1326  170.1331
    0.1193  170.5332
    0.1061  170.8999
    0.0928  171.2304
    0.0795  171.5224
    0.0663  171.7729
    0.0530  171.9803
    0.0398  172.1430
    0.0265  172.2601
    0.0133  172.3306
    0.0000  172.3541
    0.0000  239.4204
    0.0133  231.6872
    0.0265  223.9263
    0.0398  216.1555
    0.0530  208.3881
    0.0663  200.6327
    0.0795  192.8928
    0.0928  185.1674
    0.1061  177.4514
    0.1193  170.5332
    0.1326  170.1331
    0.1458  169.7027
    0.1591  169.2450
    0.1723  168.7632
    0.1856  168.2603
    0.1988  167.7387
    0.2121  167.2028
    0.2254  166.6557
    0.2386  166.1015
    0.2519  165.5453
    0.2651  164.9934
    0.2784  164.4531
    0.2916  163.9329
    0.3049  163.4423
    0.3182  162.9911
    0.3314  162.5894
    0.3447  162.2464
    0.3579  161.9705
    0.3712  161.7684
    0.3844  161.6451
    0.3977  161.6037
    0.3977  161.6037
    0.4118  162.0180
    0.4260  163.2582
    0.4401  165.3145
    0.4543  168.1693
    0.4684  171.7949
    0.4825  176.1505
    0.4967  181.1812
    0.5108  186.8186
    0.5250  192.9839
    0.5391  199.5942
    0.5533  206.5651
    0.5674  213.8184
    0.5815  221.2807
    0.5957  228.8882
    0.6098  236.5848
    0.6240  238.6387
    0.6381  237.0542
    0.6523  236.9110
    0.6664  241.5433
    0.6805  245.9063
    0.6947  249.9949
    0.7088  253.8143
    0.7230  257.9683
    0.7371  264.0870
    0.7512  270.0833
    0.7654  275.9380
    0.7795  281.6316
    0.7937  287.1451
    0.8078  292.4596
    0.8220  297.5562
    0.8361  302.4172
    0.8502  307.0261
    0.8644  311.3677
    0.8785  315.4299
    0.8927  319.2031
    0.9068  322.6816
    0.9210  325.8631
    0.9351  328.7496
    0.9492  331.3459
    0.9634  333.6599
    0.9775  335.7015
    0.9917  337.4814
    1.0058  339.0106
    1.0199  340.2995
    1.0341  341.3575
    1.0482  342.1924
    1.0624  342.8105
    1.0765  345.7161
    1.0907  350.0353
    1.1048  354.3118
    1.1247  354.9958
    1.1446  356.6782
    1.1645  358.8040
    1.1843  361.0378
    1.2042  363.1898
    1.2241  365.1323
    1.2440  366.7635
    1.2639  367.9984
    1.2838  368.7694
    1.3036  369.0317
    1.3203  368.0258
    1.3370  366.7939
    1.3536  365.3098
    1.3703  363.5561
    1.3870  361.5218
    1.4036  359.1986
    1.4203  356.5764
    1.4370  353.6371
    1.4536  350.3481
    1.4703  346.6547
    1.4870  342.4775
    1.5036  337.7197
    1.5203  332.3009
    1.5370  326.2191
    1.5536  319.6232
    1.5703  312.8469
    1.5870  306.3498
    1.6036  300.5216
    1.6203  295.4626
    1.6370  290.9963
    1.6536  286.8714
    1.6703  282.8956
    1.6870  278.9590
    1.7036  275.0170
    1.7203  271.0753
    1.7370  267.1876
    1.7536  263.4731
    1.7703  260.1681
    1.7870  258.4639
    1.8036  258.0443
    1.8216  258.8306
    1.8395  259.7234
    1.8575  260.3334
    1.8754  260.6418
    1.8933  260.6572
    1.9113  260.3958
    1.9292  259.8781
    1.9471  259.1276
    1.9651  258.1699
    1.9830  257.0321
    2.0009  255.7424
    2.0189  254.3296
    2.0368  252.8221
    2.0548  251.2480
    2.0727  249.6344
    2.0906  248.0070
    2.1086  246.3897
    2.1265  244.8053
    2.1444  243.2741
    2.1624  240.4607
    2.1803  229.3983
    2.1982  218.2012
    2.2162  207.1323
    2.2341  196.4940
    2.2521  186.6346
    2.2700  177.9477
    2.2879  170.8453
    2.3059  165.6768
    2.3238  162.6081
    2.3417  161.6037
    2.3417  234.0587
    2.3238  234.1430
    2.3059  234.3949
    2.2879  234.8125
    2.2700  235.3907
    2.2521  236.1243
    2.2341  237.0060
    2.2162  238.0269
    2.1982  239.1768
    2.1803  240.4439
    2.1624  241.8146
    2.1444  251.1463
    2.1265  261.1894
    2.1086  270.0911
    2.0906  275.9543
    2.0727  276.2352
    2.0548  274.3084
    2.0368  272.2551
    2.0189  270.6464
    2.0009  269.7684
    1.9830  269.7817
    1.9651  270.6938
    1.9471  272.3374
    1.9292  274.4287
    1.9113  276.6678
    1.8933  278.8119
    1.8754  280.6936
    1.8575  282.2129
    1.8395  283.3172
    1.8216  283.9845
    1.8036  284.2073
    1.7870  284.5715
    1.7703  285.6654
    1.7536  287.4907
    1.7370  290.0408
    1.7203  293.2927
    1.7036  297.2037
    1.6870  301.7146
    1.6703  306.7571
    1.6536  312.2606
    1.6370  318.1550
    1.6203  324.3676
    1.6036  330.8193
    1.5870  337.4182
    1.5703  344.0543
    1.5536  350.5933
    1.5370  356.8641
    1.5203  362.6289
    1.5036  367.5220
    1.4870  371.0407
    1.4703  372.9108
    1.4536  373.5150
    1.4370  373.4465
    1.4203  373.0825
    1.4036  372.6089
    1.3870  372.1084
    1.3703  371.6049
    1.3536  371.0859
    1.3370  370.5155
    1.3203  369.8470
    1.3036  369.0317
    1.2838  368.7694
    1.2639  367.9984
    1.2440  366.7635
    1.2241  365.1323
    1.2042  363.1898
    1.1843  361.0378
    1.1645  358.8040
    1.1446  356.6782
    1.1247  354.9958
    1.1048  354.3118
    1.0907  358.5343
    1.0765  362.6927
    1.0624  366.7779
    1.0482  370.7821
    1.0341  374.6980
    1.0199  378.5190
    1.0058  382.2390
    0.9917  385.8521
    0.9775  389.3528
    0.9634  391.0620
    0.9492  387.5455
    0.9351  383.7122
    0.9210  379.5609
    0.9068  375.1002
    0.8927  370.3482
    0.8785  365.3273
    0.8644  360.0603
    0.8502  354.5680
    0.8361  348.8677
    0.8220  342.9731
    0.8078  336.8947
    0.7937  330.6402
    0.7795  324.2164
    0.7654  317.6280
    0.7512  310.8797
    0.7371  303.9767
    0.7230  296.9239
    0.7088  289.7295
    0.6947  282.4025
    0.6805  274.9548
    0.6664  267.4017
    0.6523  259.7621
    0.6381  252.0594
    0.6240  244.3222
    0.6098  239.7962
    0.5957  240.5290
    0.5815  240.8578
    0.5674  240.8225
    0.5533  240.4795
    0.5391  239.8978
    0.5250  239.1521
    0.5108  238.3161
    0.4967  237.4569
    0.4825  236.6310
    0.4684  235.8821
    0.4543  235.2414
    0.4401  234.7295
    0.4260  234.3583
    0.4118  234.1338
    0.3977  234.0587
    0.3977  234.0587
    0.3844  234.0931
    0.3712  234.1960
    0.3579  234.3665
    0.3447  234.6031
    0.3314  234.9039
    0.3182  235.2667
    0.3049  235.6889
    0.2916  236.1676
    0.2784  236.6997
    0.2651  237.2818
    0.2519  237.9102
    0.2386  238.5806
    0.2254  239.2879
    0.2121  240.0267
    0.1988  240.7905
    0.1856  241.5723
    0.1723  242.3631
    0.1591  243.1543
    0.1458  243.9363
    0.1326  244.6989
    0.1193  245.4315
    0.1061  246.1234
    0.0928  246.7642
    0.0795  247.3437
    0.0663  247.8523
    0.0530  248.2814
    0.0398  248.6234
    0.0265  248.8724
    0.0133  247.1044
    0.0000  239.4204
    0.0000  249.0743
    0.0133  249.0236
    0.0265  248.8724
    0.0398  248.6234
    0.0530  248.2814
    0.0663  247.8523
    0.0795  247.3437
    0.0928  246.7642
    0.1061  246.1234
    0.1193  245.4315
    0.1326  244.6989
    0.1458  243.9363
    0.1591  243.1543
    0.1723  242.3631
    0.1856  241.5723
    0.1988  240.7905
    0.2121  240.0267
    0.2254  239.2879
    0.2386  238.5806
    0.2519  237.9102
    0.2651  237.2819
    0.2784  236.6997
    0.2916  236.1676
    0.3049  235.6889
    0.3182  235.2667
    0.3314  234.9039
    0.3447  234.6031
    0.3579  234.3665
    0.3712  234.1960
    0.3844  234.0931
    0.3977  234.0587
    0.3977  326.5150
    0.4118  326.5926
    0.4260  326.8248
    0.4401  327.2106
    0.4543  327.7481
    0.4684  328.4347
    0.4825  329.2675
    0.4967  330.2427
    0.5108  331.3564
    0.5250  332.6042
    0.5391  333.9816
    0.5533  335.4840
    0.5674  337.1066
    0.5815  338.8447
    0.5957  340.6939
    0.6098  342.6496
    0.6240  344.7077
    0.6381  346.8638
    0.6523  349.1139
    0.6664  351.4541
    0.6805  353.8802
    0.6947  356.3880
    0.7088  358.9730
    0.7230  361.6301
    0.7371  364.3539
    0.7512  367.1371
    0.7654  369.9723
    0.7795  372.8502
    0.7937  375.7598
    0.8078  378.6883
    0.8220  381.6211
    0.8361  384.5415
    0.8502  387.4308
    0.8644  390.2690
    0.8785  393.0342
    0.8927  395.7040
    0.9068  398.2555
    0.9210  400.6661
    0.9351  399.1229
    0.9492  395.9942
    0.9634  392.7354
    0.9775  394.2750
    0.9917  397.2029
    1.0058  399.8648
    1.0199  402.2765
    1.0341  404.4481
    1.0482  406.3840
    1.0624  408.0840
    1.0765  409.5444
    1.0907  410.7596
    1.1048  411.7232
    1.1247  411.6980
    1.1446  411.6238
    1.1645  411.5053
    1.1843  411.3507
    1.2042  411.1711
    1.2241  410.9821
    1.2440  410.8024
    1.2639  410.6530
    1.2838  410.5535
    1.3036  410.5186
    1.3203  410.2640
    1.3370  409.5817
    1.3536  408.4834
    1.3703  406.8394
    1.3870  404.6998
    1.4036  402.0934
    1.4203  399.0630
    1.4370  395.3668
    1.4536  390.8278
    1.4703  385.7269
    1.4870  380.2707
    1.5036  374.7334
    1.5203  369.4128
    1.5370  364.5698
    1.5536  360.3755
    1.5703  356.8963
    1.5870  354.1215
    1.6036  351.9995
    1.6203  350.4624
    1.6370  349.4347
    1.6536  348.8353
    1.6703  348.5801
    1.6870  348.5839
    1.7036  348.7651
    1.7203  349.0492
    1.7370  349.3711
    1.7536  349.6771
    1.7703  349.9253
    1.7870  350.0861
    1.8036  350.1417
    1.8216  349.6630
    1.8395  348.2840
    1.8575  346.1508
    1.8754  343.4441
    1.8933  340.3298
    1.9113  336.9281
    1.9292  333.3022
    1.9471  329.4595
    1.9651  325.3599
    1.9830  320.9309
    2.0009  316.0835
    2.0189  310.7315
    2.0368  304.8169
    2.0548  298.3636
    2.0727  291.6979
    2.0906  286.7010
    2.1086  286.6033
    2.1265  288.7761
    2.1444  291.2979
    2.1624  293.7084
    2.1803  295.8473
    2.1982  297.6483
    2.2162  299.0963
    2.2341  300.2107
    2.2521  301.0329
    2.2700  301.6149
    2.2879  302.0081
    2.3059  302.2566
    2.3238  302.3928
    2.3417  302.4360
    2.3417  370.2636
    2.3238  370.0210
    2.3059  369.4149
    2.2879  368.7049
    2.2700  368.1424
    2.2521  367.9276
    2.2341  368.2134
    2.2162  369.1121
    2.1982  370.6959
    2.1803  372.9954
    2.1624  376.0014
    2.1444  379.6677
    2.1265  383.9155
    2.1086  388.6315
    2.0906  393.6450
    2.0727  398.6491
    2.0548  403.0116
    2.0368  405.7943
    2.0189  406.7677
    2.0009  406.5499
    1.9830  405.6735
    1.9651  404.4392
    1.9471  403.0203
    1.9292  401.5210
    1.9113  400.0073
    1.8933  398.5278
    1.8754  397.1318
    1.8575  395.8845
    1.8395  394.8744
    1.8216  394.2064
    1.8036  393.9715
    1.7870  393.9221
    1.7703  393.7760
    1.7536  393.5381
    1.7370  393.2145
    1.7203  392.8111
    1.7036  392.3329
    1.6870  391.7846
    1.6703  391.1709
    1.6536  390.4975
    1.6370  389.7712
    1.6203  389.0007
    1.6036  388.1988
    1.5870  387.3829
    1.5703  386.5801
    1.5536  385.8344
    1.5370  385.2236
    1.5203  384.8959
    1.5036  385.1369
    1.4870  386.3846
    1.4703  388.8653
    1.4536  392.1696
    1.4370  395.6942
    1.4203  399.2327
    1.4036  402.4107
    1.3870  404.9573
    1.3703  406.9567
    1.3536  408.4924
    1.3370  409.6518
    1.3203  410.3222
    1.3036  410.5186
    1.2838  410.5535
    1.2639  410.6530
    1.2440  410.8024
    1.2241  410.9821
    1.2042  411.1711
    1.1843  411.3507
    1.1645  411.5053
    1.1446  411.6238
    1.1247  411.6980
    1.1048  411.7232
    1.0907  412.4286
    1.0765  412.8700
    1.0624  413.0437
    1.0482  412.9470
    1.0341  412.5796
    1.0199  411.9432
    1.0058  411.0425
    0.9917  409.8846
    0.9775  408.4792
    0.9634  406.8386
    0.9492  404.9781
    0.9351  402.9142
    0.9210  402.1155
    0.9068  404.9652
    0.8927  405.6993
    0.8785  404.4322
    0.8644  403.5668
    0.8502  403.1038
    0.8361  403.0435
    0.8220  403.3865
    0.8078  404.1339
    0.7937  405.2867
    0.7795  402.5787
    0.7654  397.7609
    0.7512  393.1183
    0.7371  388.6753
    0.7230  384.4522
    0.7088  380.4663
    0.6947  376.7292
    0.6805  373.2471
    0.6664  370.0211
    0.6523  367.0468
    0.6381  364.3159
    0.6240  361.8162
    0.6098  359.5337
    0.5957  357.4532
    0.5815  355.5598
    0.5674  353.8394
    0.5533  352.2795
    0.5391  350.8705
    0.5250  349.6041
    0.5108  348.4745
    0.4967  347.4781
    0.4825  346.6129
    0.4684  345.8785
    0.4543  345.2751
    0.4401  344.8040
    0.4260  344.4662
    0.4118  344.2631
    0.3977  344.1953
    0.3977  382.8753
    0.3844  382.5886
    0.3712  381.7376
    0.3579  380.3465
    0.3447  378.4539
    0.3314  376.1076
    0.3182  373.3604
    0.3049  370.2652
    0.2916  366.8712
    0.2784  363.2211
    0.2651  359.3488
    0.2519  355.2783
    0.2386  351.0241
    0.2254  346.5916
    0.2121  341.9788
    0.1988  337.1779
    0.1856  332.1774
    0.1723  326.9641
    0.1591  321.5257
    0.1458  315.8517
    0.1326  309.9357
    0.1193  303.7757
    0.1061  297.3749
    0.0928  290.7419
    0.0795  283.8903
    0.0663  276.8385
    0.0530  269.6085
    0.0398  262.2251
    0.0265  254.7147
    0.0133  249.0236
    0.0000  249.0743
    0.0000  457.4542
    0.0133  457.4943
    0.0265  457.6141
    0.0398  457.8117
    0.0530  458.0841
    0.0663  458.4273
    0.0795  458.8364
    0.0928  459.3054
    0.1061  459.8286
    0.1193  460.3987
    0.1326  461.0086
    0.1458  461.6506
    0.1591  462.3170
    0.1723  462.9996
    0.1856  463.6906
    0.1988  464.3812
    0.2121  465.0648
    0.2254  465.7331
    0.2386  466.3788
    0.2519  466.9950
    0.2651  467.5755
    0.2784  468.1148
    0.2916  468.6079
    0.3049  469.0508
    0.3182  469.4402
    0.3314  469.7733
    0.3447  470.0481
    0.3579  470.2632
    0.3712  470.4175
    0.3844  470.5103
    0.3977  470.5413
    0.3977  382.8753
    0.4118  382.8544
    0.4260  382.7984
    0.4401  382.7275
    0.4543  382.6747
    0.4684  382.6851
    0.4825  382.8133
    0.4967  383.1234
    0.5108  383.6838
    0.5250  384.5642
    0.5391  385.8291
    0.5533  387.5314
    0.5674  389.7044
    0.5815  392.3540
    0.5957  395.4522
    0.6098  398.9323
    0.6240  402.6870
    0.6381  406.5702
    0.6523  410.4038
    0.6664  413.9910
    0.6805  417.1416
    0.6947  419.7058
    0.7088  420.7340
    0.7230  417.1528
    0.7371  413.9693
    0.7512  411.1885
    0.7654  408.8138
    0.7795  406.8465
    0.7937  407.5451
    0.8078  412.6322
    0.8220  417.8106
    0.8361  416.7705
    0.8502  414.7692
    0.8644  412.5764
    0.8785  410.2045
    0.8927  407.6643
    0.9068  407.3658
    0.9210  409.4246
    0.9351  411.8603
    0.9492  414.6455
    0.9634  417.7383
    0.9775  421.0860
    0.9917  424.6288
    1.0058  428.3068
    1.0199  432.0652
    1.0341  435.8567
    1.0482  439.6423
    1.0624  443.3906
    1.0765  447.0766
    1.0907  450.6807
    1.1048  454.1871
    1.1247  454.0669
    1.1446  453.7180
    1.1645  453.1736
    1.1843  452.4859
    1.2042  451.7204
    1.2241  450.9509
    1.2440  450.2527
    1.2639  449.6956
    1.2838  449.3363
    1.3036  449.2122
    1.3203  447.5731
    1.3370  445.8633
    1.3536  444.0213
    1.3703  442.0146
    1.3870  439.8625
    1.4036  437.6467
    1.4203  435.4999
    1.4370  433.5697
    1.4536  431.9752
    1.4703  430.7790
    1.4870  429.9898
    1.5036  429.5815
    1.5203  429.5135
    1.5370  429.7433
    1.5536  430.2321
    1.5703  430.9455
    1.5870  431.8525
    1.6036  432.9239
    1.6203  434.1301
    1.6370  435.4397
    1.6536  436.8185
    1.6703  438.2284
    1.6870  439.6275
    1.7036  440.9707
    1.7203  442.2117
    1.7370  443.3043
    1.7536  444.2056
    1.7703  444.8785
    1.7870  445.2944
    1.8036  445.4351
    1.8216  445.6109
    1.8395  446.1244
    1.8575  446.9348
    1.8754  447.9784
    1.8933  449.1702
    1.9113  450.3840
    1.9292  451.1813
    1.9471  448.2363
    1.9651  442.3438
    1.9830  436.0442
    2.0009  429.7382
    2.0189  423.7460
    2.0368  418.5760
    2.0548  414.8275
    2.0727  412.3040
    2.0906  410.1773
    2.1086  407.9952
    2.1265  405.6668
    2.1444  403.2352
    2.1624  400.7711
    2.1803  398.3356
    2.1982  395.9692
    2.2162  393.6939
    2.2341  391.5197
    2.2521  389.4554
    2.2700  387.5206
    2.2879  385.7639
    2.3059  384.2850
    2.3238  383.2535
    2.3417  382.8753
    2.3417  470.5413
    2.3238  470.4920
    2.3059  470.3448
    2.2879  470.1011
    2.2700  469.7623
    2.2521  469.3315
    2.2341  468.8119
    2.2162  468.2076
    2.1982  467.5229
    2.1803  466.7626
    2.1624  465.9321
    2.1444  465.0366
    2.1265  464.0823
    2.1086  463.0756
    2.0906  462.0240
    2.0727  460.9347
    2.0548  459.8166
    2.0368  458.6729
    2.0189  457.5351
    2.0009  456.3950
    1.9830  455.2734
    1.9651  454.1852
    1.9471  453.1467
    1.9292  452.1747
    1.9113  451.2866
    1.8933  450.4995
    1.8754  449.8297
    1.8575  449.2918
    1.8395  448.8981
    1.8216  448.6580
    1.8036  448.5773
    1.7870  449.4097
    1.7703  451.8323
    1.7536  455.6185
    1.7370  460.3815
    1.7203  465.5718
    1.7036  470.5216
    1.6870  474.6197
    1.6703  477.5657
    1.6536  478.3425
    1.6370  478.3971
    1.6203  478.2957
    1.6036  477.9629
    1.5870  477.3641
    1.5703  476.5116
    1.5536  475.4386
    1.5370  474.1783
    1.5203  472.7579
    1.5036  471.1996
    1.4870  469.5218
    1.4703  467.7417
    1.4536  465.8779
    1.4370  463.9509
    1.4203  461.9848
    1.4036  460.0066
    1.3870  458.0460
    1.3703  456.1319
    1.3536  454.2887
    1.3370  452.5290
    1.3203  450.8466
    1.3036  449.2122
    1.2838  449.3363
    1.2639  449.6956
    1.2440  450.2527
    1.2241  450.9509
    1.2042  451.7204
    1.1843  452.4859
    1.1645  453.1736
    1.1446  453.7180
    1.1247  454.0669
    1.1048  454.1871
    1.0907  457.5836
    1.0765  460.8608
    1.0624  464.0112
    1.0482  467.0293
    1.0341  469.9111
    1.0199  472.6542
    1.0058  475.2572
    0.9917  477.0351
    0.9775  472.8352
    0.9634  468.4351
    0.9492  463.8509
    0.9351  459.1002
    0.9210  454.2029
    0.9068  449.1804
    0.8927  444.0560
    0.8785  438.8542
    0.8644  433.6014
    0.8502  428.3243
    0.8361  423.0510
    0.8220  418.5650
    0.8078  420.1343
    0.7937  421.4547
    0.7795  422.4953
    0.7654  423.2152
    0.7512  423.5605
    0.7371  423.4620
    0.7230  422.8374
    0.7088  421.6045
    0.6947  424.7053
    0.6805  429.0565
    0.6664  433.7744
    0.6523  438.8427
    0.6381  444.2420
    0.6240  449.9494
    0.6098  455.4432
    0.5957  455.8965
    0.5815  456.5545
    0.5674  457.3859
    0.5533  458.3670
    0.5391  459.4777
    0.5250  460.6994
    0.5108  462.0125
    0.4967  463.3922
    0.4825  464.8066
    0.4684  466.2117
    0.4543  467.5488
    0.4401  468.7413
    0.4260  469.6978
    0.4118  470.3231
    0.3977  470.5413
    0.3977  470.5413
    0.3844  470.5103
    0.3712  470.4175
    0.3579  470.2632
    0.3447  470.0481
    0.3314  469.7733
    0.3182  469.4402
    0.3049  469.0508
    0.2916  468.6079
    0.2784  468.1148
    0.2651  467.5755
    0.2519  466.9950
    0.2386  466.3788
    0.2254  465.7331
    0.2121  465.0648
    0.1988  464.3812
    0.1856  463.6906
    0.1723  462.9996
    0.1591  462.3170
    0.1458  461.6506
    0.1326  461.0086
    0.1193  460.3987
    0.1061  459.8286
    0.0928  459.3054
    0.0795  458.8364
    0.0663  458.4273
    0.0530  458.0841
    0.0398  457.8117
    0.0265  457.6141
    0.0133  457.4943
    0.0000  457.4542
    0.0000  493.3702
    0.0133  492.9952
    0.0265  492.6592
    0.0398  492.3584
    0.0530  492.0902
    0.0663  491.8541
    0.0795  491.6504
    0.0928  491.4807
    0.1061  491.3479
    0.1193  491.2550
    0.1326  491.2057
    0.1458  491.2043
    0.1591  491.2557
    0.1723  491.3648
    0.1856  491.5373
    0.1988  491.7781
    0.2121  492.0933
    0.2254  492.4871
    0.2386  492.9633
    0.2519  493.5240
    0.2651  494.1695
    0.2784  494.8973
    0.2916  495.7013
    0.3049  496.5699
    0.3182  497.4844
    0.3314  498.4156
    0.3447  499.3208
    0.3579  500.1426
    0.3712  500.8104
    0.3844  501.2503
    0.3977  501.4045
    0.3977  501.4045
    0.4118  501.6745
    0.4260  502.4538
    0.4401  503.6628
    0.4543  505.2003
    0.4684  506.9682
    0.4825  508.8823
    0.4967  509.1336
    0.5108  502.5018
    0.5250  495.7141
    0.5391  488.8636
    0.5533  482.0260
    0.5674  475.2647
    0.5815  468.6332
    0.5957  462.1777
    0.6098  455.9381
    0.6240  455.2356
    0.6381  455.3277
    0.6523  455.7865
    0.6664  456.6863
    0.6805  458.0927
    0.6947  460.0371
    0.7088  462.4928
    0.7230  465.3728
    0.7371  468.5535
    0.7512  471.9070
    0.7654  475.3253
    0.7795  478.7278
    0.7937  482.0600
    0.8078  485.2861
    0.8220  488.3826
    0.8361  491.3326
    0.8502  494.1216
    0.8644  494.0813
    0.8785  492.7187
    0.8927  491.2574
    0.9068  489.6899
    0.9210  488.0094
    0.9351  486.2099
    0.9492  484.2856
    0.9634  482.2318
    0.9775  480.0444
    0.9917  477.7202
    1.0058  481.0211
    1.0199  484.7811
    1.0341  488.3050
    1.0482  491.5841
    1.0624  494.6113
    1.0765  497.3805
    1.0907  499.8865
    1.1048  502.1242
    1.1247  502.1853
    1.1446  502.3616
    1.1645  502.6331
    1.1843  502.9703
    1.2042  503.3379
    1.2241  503.6994
    1.2440  504.0204
    1.2639  504.2719
    1.2838  504.4320
    1.3036  504.4868
    1.3203  503.8676
    1.3370  503.0703
    1.3536  502.2121
    1.3703  501.4122
    1.3870  500.7744
    1.4036  500.3739
    1.4203  499.2322
    1.4370  497.3248
    1.4536  495.3296
    1.4703  493.3246
    1.4870  491.3780
    1.5036  489.5443
    1.5203  487.8631
    1.5370  486.3596
    1.5536  485.0470
    1.5703  483.9275
    1.5870  482.9924
    1.6036  482.2105
    1.6203  481.5001
    1.6370  480.6884
    1.6536  479.4999
    1.6703  478.2358
    1.6870  478.0784
    1.7036  477.9360
    1.7203  477.8133
    1.7370  477.7140
    1.7536  477.6385
    1.7703  477.5858
    1.7870  477.5549
    1.8036  477.5446
    1.8216  477.0308
    1.8395  475.5040
    1.8575  473.0086
    1.8754  469.6189
    1.8933  465.4408
    1.9113  460.6337
    1.9292  455.6831
    1.9471  453.9791
    1.9651  454.8141
    1.9830  455.7785
    2.0009  456.6870
    2.0189  457.5984
    2.0368  458.6798
    2.0548  460.1241
    2.0727  462.1524
    2.0906  464.8846
    2.1086  468.3521
    2.1265  472.5042
    2.1444  477.2243
    2.1624  482.3207
    2.1803  487.4560
    2.1982  492.0173
    2.2162  495.3353
    2.2341  497.4590
    2.2521  498.8652
    2.2700  499.8542
    2.2879  500.5581
    2.3059  501.0352
    2.3238  501.3131
    2.3417  501.4045
    2.3417  512.6747
    2.3238  512.6656
    2.3059  512.6329
    2.2879  512.5612
    2.2700  512.4231
    2.2521  512.1561
    2.2341  511.2080
    2.2162  506.9229
    2.1982  502.6794
    2.1803  499.7274
    2.1624  497.6351
    2.1444  495.9658
    2.1265  494.5491
    2.1086  493.3594
    2.0906  492.4395
    2.0727  491.8690
    2.0548  491.7476
    2.0368  492.1746
    2.0189  493.2178
    2.0009  494.8762
    1.9830  497.0451
    1.9651  499.4804
    1.9471  501.7142
    1.9292  503.1004
    1.9113  503.5386
    1.8933  503.4832
    1.8754  503.2466
    1.8575  502.9737
    1.8395  502.7388
    1.8216  502.5838
    1.8036  502.5300
    1.7870  502.6486
    1.7703  503.0344
    1.7536  503.7846
    1.7370  505.0836
    1.7203  507.2256
    1.7036  510.5895
    1.6870  515.4873
    1.6703  516.4330
    1.6536  515.1821
    1.6370  513.8766
    1.6203  512.5323
    1.6036  511.1648
    1.5870  509.7887
    1.5703  508.4194
    1.5536  507.0738
    1.5370  505.7711
    1.5203  504.5341
    1.5036  503.3894
    1.4870  502.3683
    1.4703  501.5062
    1.4536  500.8415
    1.4370  500.4124
    1.4203  500.2508
    1.4036  500.9690
    1.3870  502.4554
    1.3703  503.6219
    1.3536  504.4178
    1.3370  504.8179
    1.3203  504.8278
    1.3036  504.4868
    1.2838  504.4320
    1.2639  504.2719
    1.2440  504.0204
    1.2241  503.6994
    1.2042  503.3379
    1.1843  502.9703
    1.1645  502.6331
    1.1446  502.3616
    1.1247  502.1853
    1.1048  502.1242
    1.0907  504.0893
    1.0765  505.7771
    1.0624  507.1830
    1.0482  508.3024
    1.0341  509.1306
    1.0199  509.6637
    1.0058  509.8985
    0.9917  509.8337
    0.9775  509.4696
    0.9634  508.8094
    0.9492  507.8593
    0.9351  506.6279
    0.9210  505.1274
    0.9068  503.3718
    0.8927  501.3768
    0.8785  499.1591
    0.8644  496.7354
    0.8502  495.3518
    0.8361  496.5381
    0.8220  497.6475
    0.8078  498.6875
    0.7937  499.6651
    0.7795  500.5867
    0.7654  501.4586
    0.7512  502.2859
    0.7371  503.0734
    0.7230  503.8250
    0.7088  504.5436
    0.6947  505.2316
    0.6805  505.8906
    0.6664  506.5214
    0.6523  507.1245
    0.6381  507.7000
    0.6240  508.2471
    0.6098  508.7655
    0.5957  509.2545
    0.5815  509.7133
    0.5674  510.1414
    0.5533  510.5379
    0.5391  510.9023
    0.5250  511.2342
    0.5108  511.5328
    0.4967  510.8784
    0.4825  512.0287
    0.4684  512.2250
    0.4543  512.3863
    0.4401  512.5122
    0.4260  512.6024
    0.4118  512.6566
    0.3977  512.6747
    0.3977  512.6747
    0.3844  512.6572
    0.3712  512.6040
    0.3579  512.5121
    0.3447  512.3769
    0.3314  512.1920
    0.3182  511.9498
    0.3049  511.6414
    0.2916  511.2577
    0.2784  510.7902
    0.2651  510.2316
    0.2519  509.5774
    0.2386  508.8261
    0.2254  507.9803
    0.2121  507.0486
    0.1988  506.0427
    0.1856  504.9790
    0.1723  503.8773
    0.1591  502.7591
    0.1458  501.6469
    0.1326  500.5617
    0.1193  499.5222
    0.1061  498.5435
    0.0928  497.6366
    0.0795  496.8078
    0.0663  496.0590
    0.0530  495.3884
    0.0398  494.7913
    0.0265  494.2610
    0.0133  493.7898
    0.0000  493.3702
    0.0000  643.1502
    0.0133  638.7039
    0.0265  634.2036
    0.0398  629.6718
    0.0530  625.1306
    0.0663  620.6017
    0.0795  616.1056
    0.0928  611.6606
    0.1061  607.2839
    0.1193  602.9887
    0.1326  598.7849
    0.1458  594.6784
    0.1591  590.6711
    0.1723  586.7606
    0.1856  582.9406
    0.1988  579.2021
    0.2121  575.5344
    0.2254  571.9267
    0.2386  568.3704
    0.2519  564.8605
    0.2651  561.3984
    0.2784  557.9938
    0.2916  554.6667
    0.3049  551.4495
    0.3182  548.3890
    0.3314  545.5483
    0.3447  543.0074
    0.3579  540.8625
    0.3712  539.2198
    0.3844  538.1819
    0.3977  537.8262
    0.3977  537.8262
    0.4118  537.0633
    0.4260  534.8421
    0.4401  531.3408
    0.4543  526.7939
    0.4684  521.4405
    0.4825  515.4944
    0.4967  511.7978
    0.5108  512.9098
    0.5250  514.9456
    0.5391  516.9686
    0.5533  518.9730
    0.5674  520.9635
    0.5815  522.9526
    0.5957  524.9610
    0.6098  527.0152
    0.6240  529.1462
    0.6381  531.3880
    0.6523  533.7748
    0.6664  536.3385
    0.6805  539.1055
    0.6947  542.0932
    0.7088  545.3073
    0.7230  548.7391
    0.7371  552.3654
    0.7512  556.1494
    0.7654  560.0445
    0.7795  563.9977
    0.7937  567.9550
    0.8078  571.8661
    0.8220  575.6873
    0.8361  579.3844
    0.8502  582.9337
    0.8644  586.3219
    0.8785  589.5457
    0.8927  592.6104
    0.9068  595.5276
    0.9210  598.3137
    0.9351  600.9878
    0.9492  603.5696
    0.9634  606.0769
    0.9775  608.5272
    0.9917  610.9326
    1.0058  613.3019
    1.0199  615.6396
    1.0341  617.9464
    1.0482  620.2197
    1.0624  622.4539
    1.0765  624.6411
    1.0907  626.7728
    1.1048  628.8384
    1.1247  628.8372
    1.1446  628.8334
    1.1645  628.8281
    1.1843  628.8211
    1.2042  628.8134
    1.2241  628.8057
    1.2440  628.7987
    1.2639  628.7931
    1.2838  628.7895
    1.3036  628.7883
    1.3203  627.0062
    1.3370  625.0897
    1.3536  623.0338
    1.3703  620.8288
    1.3870  618.4583
    1.4036  615.8992
    1.4203  613.1209
    1.4370  610.0851
    1.4536  606.7468
    1.4703  603.0528
    1.4870  598.9467
    1.5036  594.3692
    1.5203  589.2630
    1.5370  583.5775
    1.5536  577.2782
    1.5703  570.3553
    1.5870  562.8364
    1.6036  554.8010
    1.6203  546.3979
    1.6370  537.8656
    1.6536  529.5537
    1.6703  521.9256
    1.6870  517.6118
    1.7036  518.6987
    1.7203  519.6727
    1.7370  520.5113
    1.7536  521.1926
    1.7703  521.6961
    1.7870  522.0055
    1.8036  522.1099
    1.8216  521.7828
    1.8395  520.8166
    1.8575  519.2576
    1.8754  517.1878
    1.8933  514.7408
    1.9113  512.1409
    1.9292  509.8062
    1.9471  508.3255
    1.9651  507.7604
    1.9830  507.6451
    2.0009  507.6900
    2.0189  507.7953
    2.0368  507.9381
    2.0548  508.1237
    2.0727  508.3654
    2.0906  508.6747
    2.1086  509.0549
    2.1265  509.4994
    2.1444  509.9923
    2.1624  510.5104
    2.1803  511.0297
    2.1982  511.5353
    2.2162  512.0706
    2.2341  513.6329
    2.2521  518.8977
    2.2700  524.6454
    2.2879  529.8750
    2.3059  534.0945
    2.3238  536.8598
    2.3417  537.8262
    2.3417  646.6128
    2.3238  646.5993
    2.3059  646.5586
    2.2879  646.4906
    2.2700  646.3946
    2.2521  646.2703
    2.2341  646.1174
    2.2162  645.9358
    2.1982  645.7258
    2.1803  645.4883
    2.1624  645.2249
    2.1444  644.9374
    2.1265  644.6290
    2.1086  644.3032
    2.0906  643.9645
    2.0727  643.6170
    2.0548  643.2659
    2.0368  642.9163
    2.0189  642.5733
    2.0009  642.2420
    1.9830  641.9266
    1.9651  641.6315
    1.9471  641.3600
    1.9292  641.1152
    1.9113  640.8995
    1.8933  640.7146
    1.8754  640.5619
    1.8575  640.4424
    1.8395  640.3564
    1.8216  640.3048
    1.8036  640.2876
    1.7870  640.3019
    1.7703  640.3430
    1.7536  640.4065
    1.7370  640.4850
    1.7203  640.5707
    1.7036  640.6559
    1.6870  640.7337
    1.6703  640.7987
    1.6536  640.8469
    1.6370  640.8759
    1.6203  640.8828
    1.6036  640.8663
    1.5870  640.8235
    1.5703  640.7506
    1.5536  640.6429
    1.5370  640.4933
    1.5203  640.2946
    1.5036  640.0367
    1.4870  639.7100
    1.4703  639.3025
    1.4536  638.8032
    1.4370  638.2001
    1.4203  637.4833
    1.4036  636.6437
    1.3870  635.6744
    1.3703  634.5704
    1.3536  633.3296
    1.3370  631.9514
    1.3203  630.4370
    1.3036  628.7883
    1.2838  628.7895
    1.2639  628.7931
    1.2440  628.7987
    1.2241  628.8057
    1.2042  628.8134
    1.1843  628.8211
    1.1645  628.8281
    1.1446  628.8334
    1.1247  628.8372
    1.1048  628.8384
    1.0907  630.8283
    1.0765  632.7328
    1.0624  634.5434
    1.0482  636.2522
    1.0341  637.8532
    1.0199  639.3414
    1.0058  640.7140
    0.9917  641.9693
    0.9775  643.1075
    0.9634  644.1305
    0.9492  645.0418
    0.9351  645.8449
    0.9210  646.5457
    0.9068  647.1507
    0.8927  647.6669
    0.8785  648.1016
    0.8644  648.4627
    0.8502  648.7571
    0.8361  648.9928
    0.8220  649.1767
    0.8078  649.3152
    0.7937  649.4140
    0.7795  649.4785
    0.7654  649.5131
    0.7512  649.5214
    0.7371  649.5068
    0.7230  649.4708
    0.7088  649.4161
    0.6947  649.3439
    0.6805  649.2552
    0.6664  649.1511
    0.6523  649.0324
    0.6381  648.9002
    0.6240  648.7553
    0.6098  648.5992
    0.5957  648.4335
    0.5815  648.2603
    0.5674  648.0817
    0.5533  647.9005
    0.5391  647.7195
    0.5250  647.5420
    0.5108  647.3712
    0.4967  647.2105
    0.4825  647.0631
    0.4684  646.9323
    0.4543  646.8209
    0.4401  646.7315
    0.4260  646.6661
    0.4118  646.6262
    0.3977  646.6128
    0.3977  646.6128
    0.3844  646.6138
    0.3712  646.6167
    0.3579  646.6218
    0.3447  646.6292
    0.3314  646.6394
    0.3182  646.6527
    0.3049  646.6697
    0.2916  646.6907
    0.2784  646.7163
    0.2651  646.7466
    0.2519  646.7820
    0.2386  646.8226
    0.2254  646.8680
    0.2121  646.9183
    0.1988  646.9729
    0.1856  647.0314
    0.1723  647.0923
    0.1591  647.1550
    0.1458  647.2182
    0.1326  647.2809
    0.1193  647.3419
    0.1061  647.3999
    0.0928  647.4538
    0.0795  647.5027
    0.0663  647.5455
    0.0530  647.5816
    0.0398  647.6104
    0.0265  647.6312
    0.0133  647.5205
    0.0000  643.1502
    0.0000  647.6481
    0.0133  647.6439
    0.0265  647.6312
    0.0398  647.6104
    0.0530  647.5816
    0.0663  647.5455
    0.0795  647.5027
    0.0928  647.4538
    0.1061  647.3999
    0.1193  647.3419
    0.1326  647.2809
    0.1458  647.2182
    0.1591  647.1550
    0.1723  647.0923
    0.1856  647.0314
    0.1988  646.9729
    0.2121  646.9183
    0.2254  646.8680
    0.2386  646.8226
    0.2519  646.7820
    0.2651  646.7466
    0.2784  646.7163
    0.2916  646.6907
    0.3049  646.6697
    0.3182  646.6527
    0.3314  646.6394
    0.3447  646.6292
    0.3579  646.6218
    0.3712  646.6167
    0.3844  646.6138
    0.3977  646.6128
    0.3977  646.6128
    0.4118  647.3775
    0.4260  649.6045
    0.4401  653.1163
    0.4543  657.6799
    0.4684  663.0584
    0.4825  669.0407
    0.4967  675.4522
    0.5108  682.1532
    0.5250  689.0334
    0.5391  696.0057
    0.5533  702.9995
    0.5674  709.9586
    0.5815  716.8365
    0.5957  723.5947
    0.6098  730.2013
    0.6240  736.6294
    0.6381  742.8566
    0.6523  748.8646
    0.6664  754.6382
    0.6805  760.1658
    0.6947  765.4384
    0.7088  770.4498
    0.7230  775.1967
    0.7371  779.6781
    0.7512  783.8946
    0.7654  787.8501
    0.7795  791.5499
    0.7937  795.0013
    0.8078  798.2134
    0.8220  801.1963
    0.8361  803.9624
    0.8502  806.5248
    0.8644  808.8978
    0.8785  811.0968
    0.8927  813.1381
    0.9068  815.0384
    0.9210  816.8152
    0.9351  818.4863
    0.9492  820.0694
    0.9634  821.5827
    0.9775  823.0441
    0.9917  824.4709
    1.0058  825.8803
    1.0199  827.2884
    1.0341  828.7103
    1.0482  830.1597
    1.0624  831.6486
    1.0765  833.1871
    1.0907  834.7829
    1.1048  836.4410
    1.1247  836.4423
    1.1446  836.4457
    1.1645  836.4511
    1.1843  836.4581
    1.2042  836.4658
    1.2241  836.4734
    1.2440  836.4804
    1.2639  836.4859
    1.2838  836.4894
    1.3036  836.4906
    1.3203  835.1483
    1.3370  833.8763
    1.3536  832.6752
    1.3703  831.5317
    1.3870  830.4205
    1.4036  829.3074
    1.4203  828.1526
    1.4370  826.9133
    1.4536  825.5476
    1.4703  824.0163
    1.4870  822.2857
    1.5036  820.3292
    1.5203  818.1294
    1.5370  815.6783
    1.5536  812.9786
    1.5703  810.0439
    1.5870  806.8997
    1.6036  803.5820
    1.6203  800.1378
    1.6370  796.6240
    1.6536  793.1061
    1.6703  789.6572
    1.6870  786.3548
    1.7036  783.2795
    1.7203  780.5109
    1.7370  778.1250
    1.7536  776.1901
    1.7703  774.7640
    1.7870  773.8901
    1.8036  773.5957
    1.8216  773.4850
    1.8395  773.1496
    1.8575  772.5804
    1.8754  771.7619
    1.8933  770.6731
    1.9113  769.2877
    1.9292  767.5761
    1.9471  765.5079
    1.9651  763.0519
    1.9830  760.1795
    2.0009  756.8655
    2.0189  753.0898
    2.0368  748.8382
    2.0548  744.1029
    2.0727  738.8846
    2.0906  733.1920
    2.1086  727.0438
    2.1265  720.4691
    2.1444  713.5093
    2.1624  706.2194
    2.1803  698.6709
    2.1982  690.9561
    2.2162  683.1922
    2.2341  675.5303
    2.2521  668.1656
    2.2700  661.3501
    2.2879  655.4034
    2.3059  650.7084
    2.3238  647.6689
    2.3417  646.6128
    2.3417  863.7039
    2.3238  863.6038
    2.3059  863.3062
    2.2879  862.8182
    2.2700  862.1509
    2.2521  861.3192
    2.2341  860.3407
    2.2162  859.2344
    2.1982  858.0194
    2.1803  856.7131
    2.1624  855.3305
    2.1444  853.8829
    2.1265  852.3768
    2.1086  850.8140
    2.0906  849.1920
    2.0727  847.5047
    2.0548  845.7447
    2.0368  843.9052
    2.0189  841.9824
    2.0009  839.9788
    1.9830  837.9045
    1.9651  835.7803
    1.9471  833.6382
    1.9292  831.5224
    1.9113  829.4874
    1.8933  827.5969
    1.8754  825.9195
    1.8575  824.5247
    1.8395  823.4751
    1.8216  822.8230
    1.8036  822.6017
    1.7870  822.6437
    1.7703  822.7736
    1.7536  823.0036
    1.7370  823.3517
    1.7203  823.8410
    1.7036  824.4968
    1.6870  825.3428
    1.6703  826.3974
    1.6536  827.6706
    1.6370  829.1591
    1.6203  830.8435
    1.6036  832.6878
    1.5870  834.6386
    1.5703  836.6285
    1.5536  838.5802
    1.5370  840.4123
    1.5203  842.0464
    1.5036  843.4125
    1.4870  844.4556
    1.4703  845.1380
    1.4536  845.4429
    1.4370  845.3737
    1.4203  844.9531
    1.4036  844.2208
    1.3870  843.2289
    1.3703  842.0376
    1.3536  840.7106
    1.3370  839.3090
    1.3203  837.8877
    1.3036  836.4906
    1.2838  836.4894
    1.2639  836.4859
    1.2440  836.4804
    1.2241  836.4734
    1.2042  836.4658
    1.1843  836.4581
    1.1645  836.4511
    1.1446  836.4457
    1.1247  836.4423
    1.1048  836.4410
    1.0907  838.1636
    1.0765  839.9495
    1.0624  841.7947
    1.0482  843.6911
    1.0341  845.6277
    1.0199  847.5899
    1.0058  849.5602
    0.9917  851.5187
    0.9775  853.4433
    0.9634  855.3105
    0.9492  857.0964
    0.9351  858.7765
    0.9210  860.3283
    0.9068  861.7313
    0.8927  862.9671
    0.8785  864.0216
    0.8644  864.8849
    0.8502  865.5519
    0.8361  866.0236
    0.8220  866.3066
    0.8078  866.4131
    0.7937  866.3614
    0.7795  866.1751
    0.7654  865.8826
    0.7512  865.5164
    0.7371  865.1119
    0.7230  864.7062
    0.7088  864.3371
    0.6947  864.0412
    0.6805  863.8528
    0.6664  863.8020
    0.6523  863.9137
    0.6381  864.2066
    0.6240  864.6916
    0.6098  865.3717
    0.5957  866.2414
    0.5815  867.2870
    0.5674  868.4866
    0.5533  869.8111
    0.5391  871.2260
    0.5250  872.6912
    0.5108  874.1634
    0.4967  875.5980
    0.4825  876.9506
    0.4684  878.1784
    0.4543  879.2421
    0.4401  880.1077
    0.4260  880.7468
    0.4118  881.1386
    0.3977  881.2707
    0.3977  711.6844
    0.3844  711.5927
    0.3712  711.3183
    0.3579  710.8632
    0.3447  710.2308
    0.3314  709.4260
    0.3182  708.4549
    0.3049  707.3249
    0.2916  706.0441
    0.2784  704.6211
    0.2651  703.0643
    0.2519  701.3812
    0.2386  699.5777
    0.2254  697.6572
    0.2121  695.6206
    0.1988  693.4659
    0.1856  691.1884
    0.1723  688.7802
    0.1591  686.2326
    0.1458  683.5360
    0.1326  680.6811
    0.1193  677.6598
    0.1061  674.4664
    0.0928  671.0983
    0.0795  667.5562
    0.0663  663.8447
    0.0530  659.9720
    0.0398  655.9500
    0.0265  651.7936
    0.0133  647.6439
    0.0000  647.6481
