1 -1853.01319007 
2 -1852.57195149 
3 -1852.80637612 
4 -1852.71132138 
5 -1852.60104976 
6 -1852.59903755 
7 -1852.58691587 
8 -1852.60897426 
9 -1852.57582727
10 -1852.58447867 
11 -1852.59215592 
12 -1852.59862003 
13 -1852.59341018 
14 -1852.57766259 
15 -1852.58562090 
16 -1852.59143746 
17 -1852.58592027 
18 -1852.59314412 
19 -1852.58947400 
20 -1852.58992046 
21 -1852.58362694 
22 -1852.59129640 
23 -1852.58665835 
24 -1852.58595767 
25 -1852.58656194 
26 -1852.58581167 
27 -1852.58896547 
28 -1852.58658608 
29 -1852.59223397 
30 -1852.58689172 

