1  -651.66851528 
2  -651.91346813 
3  -652.09596324 
4  -652.08593153 
5  -652.12480722 
6  -652.09536806 
7  -652.12569337 
8  -652.10714362 
9  -652.11037434
10  -652.10426611 
11  -652.11707150 
12  -652.10308219 
13  -652.10982005 
14  -652.11049289 
15  -652.10958269  
16  -652.10617670 
17  -652.10835676 
18  -652.10905162 
19  -652.10686778 
20  -652.10780408 
21  -652.10620659 
22  -652.10707539 
23  -652.10832203 
24  -652.10814318 
25  -652.10796293 
26  -652.10942354 
27  -652.10890002 
28  -652.10953419 
29  -652.10941959 
30  -652.10892813 

