3.346334
3.127357
2.590447
1.975863
1.440635
1.040119
0.776388
3.278125
3.065230
2.546940
1.948713
1.423955
1.029116
0.768081
0.768042
1.029043
1.423880
1.948640
2.546876
3.065194
3.082314
2.892202
2.422390
1.868412
1.373156
0.994984
0.742127
0.742076
0.994879
1.373048
1.868322
2.422325
2.892161
2.829252
2.666113
2.255425
1.758081
1.301916
0.946363
0.704595
0.704569
0.946281
1.301840
1.758034
2.255412
2.666114
2.571635
2.433439
2.079301
1.638754
1.223371
0.891942
0.661782
0.661825
0.891937
1.223395
1.638825
2.079401
2.433510
2.337052
2.219834
1.914846
1.525493
1.148069
0.839183
0.619453
0.619597
0.839305
1.148238
1.525727
1.915086
2.219995
2.134692
2.034997
1.771474
1.426593
1.082661
0.793457
0.793733
1.083015
1.427021
1.771894
2.035269
1.964980
1.879909
1.651824
1.345554
1.030830
0.758092
0.758549
1.031390
1.346195
1.652436
1.880289
1.824078
1.751938
1.555429
1.283554
0.994569
0.995343
1.284429
1.556250
1.752454
1.707584
1.647571
1.480665
1.241012
1.242127
1.481715
1.648231
1.611286
1.563647
1.564464
3.153890
2.959339
2.481447
1.921883
1.423647
1.043757
0.790341
0.790843
1.044352
1.424342
1.922646
2.482168
2.959798
3.088265
2.901123
2.439115
1.894228
1.405981
1.031727
0.781072
0.781516
1.032235
1.406587
1.894916
2.439772
2.901541
2.915734
2.747137
2.325558
1.818934
1.356996
0.998028
0.755004
0.755383
0.998454
1.357523
1.819535
2.326133
2.747510
2.689895
2.543667
2.172166
1.714901
1.288082
0.949966
0.717200
0.717531
0.950334
1.288555
1.715457
2.172701
2.544005
2.457075
2.331980
2.009155
1.601912
1.211961
0.896015
0.673963
0.674282
0.896373
1.212429
1.602468
2.009693
2.332318
2.242878
2.135977
1.855981
1.494272
1.138768
0.843589
0.631093
0.631436
0.843986
1.139287
1.494881
1.856554
2.136339
2.056875
1.965296
1.721890
1.400034
1.075061
0.798023
0.798494
1.075662
1.400730
1.722538
1.965711
1.900019
1.821448
1.609743
1.322756
1.024528
1.025251
1.323575
1.610496
1.821914
1.769502
1.702491
1.519206
1.263690
0.989137
0.989996
1.264648
1.520092
1.703040
1.661260
1.605335
1.449133
1.223165
1.224279
1.450163
1.605970
1.571829
1.527054
1.527800
1.584373
1.539804
1.538882
1.670773
1.615062
1.458045
1.230520
1.229264
1.456873
1.614338
1.776417
1.709604
1.525752
1.269106
0.993232
0.992411
1.268171
1.524882
1.709061
1.904663
1.826277
1.614227
1.326486
1.027332
1.026814
1.325872
1.613646
1.825911
2.059564
1.968172
1.724607
1.402315
1.076758
0.799148
0.799019
1.076539
1.402019
1.724299
1.967973
2.243949
2.137223
1.857224
1.495350
1.139547
0.844054
0.631304
0.631393
0.844173
1.139623
1.495356
1.857191
2.137187
2.456897
2.331961
2.009258
1.602055
1.212046
0.895988
0.673844
0.674111
0.896327
1.212383
1.602350
2.009490
2.332080
2.688936
2.542829
2.171546
1.714466
1.287746
0.949651
0.716897
0.717306
0.950161
1.288296
1.715003
2.172007
2.543104
2.914539
2.746046
2.324699
1.818314
1.356534
0.997649
0.754681
0.755178
0.998262
1.357215
1.819024
2.325330
2.746443
3.087456
2.900368
2.438523
1.893799
1.405662
1.031478
0.780870
0.781396
1.032115
1.406393
1.894580
2.439243
2.900820
2.671446
2.537035
2.194898
1.770655
1.370109
1.048621
0.826609
0.827569
1.049742
1.371373
1.771994
2.196096
2.537768
2.625849
2.495562
2.162644
1.747846
1.354350
1.037150
0.817293
0.818162
1.038174
1.355547
1.749138
2.163815
2.496282
2.503232
2.383427
2.074678
1.684987
1.310286
1.004770
0.790823
0.791572
1.005671
1.311372
1.686184
2.075772
2.384098
2.338198
2.231651
1.953952
1.597283
1.247916
0.958330
0.752294
0.752919
0.959115
1.248897
1.598388
1.954962
2.232276
2.163380
2.069978
1.823631
1.501143
1.178618
0.905978
0.708008
0.708536
0.906680
1.179529
1.502176
1.824585
2.070554
1.999249
1.917520
1.699705
1.408974
1.111750
0.854911
0.855579
1.112628
1.409979
1.700624
1.918078
1.854783
1.783301
1.590483
1.328112
1.053516
0.810347
0.811025
1.054409
1.329130
1.591405
1.783863
1.732132
1.669668
1.499106
1.262080
1.007442
1.008392
1.263140
1.500059
1.670245
1.630089
1.575821
1.425871
1.212147
1.213282
1.426874
1.576419
1.545732
1.499694
1.369925
1.371009
1.500337
1.562829
1.516760
1.385401
1.384044
1.515945
1.642423
1.588198
1.437133
1.221492
1.220379
1.436126
1.587590
1.740378
1.678027
1.506772
1.268445
1.012208
1.011624
1.267737
1.506106
1.677618
1.859556
1.788252
1.595100
1.331954
1.056340
0.812110
0.812075
1.056154
1.331648
1.594768
1.788039
2.001166
1.919668
1.701813
1.410750
1.112998
0.855546
0.855848
1.113199
1.410847
1.701830
1.919661
2.163164
2.069993
1.823844
1.501379
1.178709
0.905796
0.707507
0.708091
0.906408
1.179276
1.501861
1.824197
2.070196
2.336675
2.230355
1.952983
1.596575
1.247308
0.957691
0.751545
0.752336
0.958558
1.248193
1.597409
1.953659
2.230754
2.501359
2.381740
2.073341
1.683975
1.309491
1.004054
0.790112
0.791042
1.005105
1.310610
1.685089
2.074289
2.382300
2.624588
2.494405
2.161725
1.747151
1.353812
1.036693
0.816864
0.817848
1.037826
1.355062
1.748436
2.162850
2.495094
2.117091
2.040389
1.836643
1.565763
1.288811
1.050197
0.878417
0.879741
1.051703
1.290454
1.567403
1.838027
2.041195
2.089745
2.014646
1.814953
1.548683
1.275651
1.039570
0.869081
0.870267
1.040976
1.277238
1.550317
1.816344
2.015472
2.014282
1.943588
1.754777
1.500933
1.238343
1.009292
0.842181
0.843181
1.010541
1.239815
1.502485
1.756120
1.944384
1.909908
1.845071
1.670704
1.433615
1.185182
0.965580
0.966666
1.186527
1.435058
1.671968
1.845814
1.796514
1.737704
1.578458
1.359145
1.125741
0.916027
0.916978
1.126976
1.360497
1.579645
1.738406
1.688097
1.634942
1.489920
1.287460
1.068234
0.867460
0.868325
1.069394
1.288749
1.491055
1.635613
1.592036
1.544040
1.411957
1.224822
1.018292
1.019435
1.226085
1.413059
1.544690
1.510875
1.467670
1.347549
1.174450
0.979269
0.980442
1.175730
1.348649
1.468312
1.444476
1.405791
1.297317
1.137734
1.139063
1.298443
1.406435
1.391079
1.357127
1.357795
1.412771
1.378755
1.377857
1.459948
1.421310
1.311613
1.149802
1.148466
1.310452
1.420632
1.521112
1.478039
1.357157
1.182538
0.985360
0.984643
1.181678
1.356379
1.477576
1.597904
1.550113
1.417655
1.229589
1.021750
1.021521
1.229205
1.417258
1.549868
1.690483
1.637574
1.492479
1.289574
1.069597
0.867875
0.868315
1.069847
1.289658
1.492470
1.637549
1.796336
1.737799
1.578703
1.359323
1.125607
0.915388
0.916210
1.126304
1.359864
1.579077
1.737988
1.908222
1.843632
1.669558
1.432639
1.184198
0.964402
0.965552
1.185286
1.433598
1.670289
1.844040
2.012223
1.941733
1.753219
1.499638
1.237173
1.008106
0.840865
0.842176
1.009495
1.238573
1.500939
1.754260
1.942320
2.088377
2.013396
1.813889
1.547803
1.274888
1.038841
0.868314
0.869684
1.040350
1.276472
1.549338
1.815156
2.014129
1.626750
1.590785
1.491401
1.349258
1.190873
1.043978
1.045703
1.192671
1.350951
1.492751
1.591542
1.611691
1.576204
1.478017
1.337340
1.180419
1.034475
1.036073
1.182160
1.339031
1.479393
1.576983
1.569284
1.535045
1.440127
1.303552
1.150359
1.006906
1.008304
1.151975
1.305173
1.441469
1.535808
1.509633
1.477062
1.386564
1.255475
1.107204
0.966785
0.967982
1.108669
1.256993
1.387837
1.477789
1.444113
1.413334
1.327432
1.202085
1.058786
0.921050
0.922078
1.060128
1.203511
1.328642
1.414029
1.381614
1.352498
1.271015
1.151000
1.011994
1.013259
1.152361
1.272179
1.353166
1.327377
1.299877
1.222439
1.107237
0.971795
0.973048
1.108588
1.223572
1.300527
1.283620
1.257726
1.184293
1.073662
1.075030
1.185424
1.258372
1.250549
1.226283
1.226933
1.266956
1.242795
1.242093
1.294298
1.268580
1.194460
1.082317
1.081362
1.193636
1.268108
1.333410
1.306114
1.228294
1.112116
0.975159
0.974900
1.111692
1.227880
1.305863
1.384017
1.355122
1.273501
1.152918
1.012945
1.013230
1.153006
1.273486
1.355092
1.443935
1.413373
1.327511
1.201924
1.058079
0.919516
0.920514
1.058858
1.202487
1.327879
1.413557
1.507989
1.475615
1.385255
1.254143
1.105632
0.964749
0.966112
1.106838
1.255137
1.385975
1.475998
1.567314
1.533225
1.438474
1.301974
1.148727
1.005050
1.006668
1.150258
1.303319
1.439492
1.533781
1.610400
1.574998
1.476917
1.336313
1.179402
1.033374
1.035117
1.181136
1.337893
1.478150
1.575678
1.245818
1.234632
1.202409
1.152080
1.090752
1.032422
1.034169
1.092503
1.153659
1.203612
1.235283
1.238029
1.226801
1.194520
1.144163
1.082721
1.084373
1.145703
1.195715
1.227460
1.215580
1.204292
1.171836
1.121127
1.059117
1.060608
1.122576
1.172988
1.204930
1.184009
1.172615
1.139732
1.088280
1.025057
1.026378
1.089618
1.140815
1.173214
1.150017
1.138385
1.104790
1.052101
0.986815
0.988006
1.053350
1.105817
1.138958
1.119180
1.107228
1.072690
1.018316
1.019519
1.073683
1.107784
1.095137
1.082872
1.047295
1.048288
1.083426
1.079554
1.067037
1.067606
1.089597
1.077234
1.076820
1.100680
1.088542
1.052537
1.052214
1.088351
1.121284
1.109452
1.074634
1.019508
1.019685
1.074696
1.109470
1.149762
1.138220
1.104464
1.051276
0.985106
0.985995
1.051915
1.104878
1.138432
1.182472
1.171143
1.138180
1.086427
1.022628
1.023928
1.087458
1.138904
1.171523
1.213798
1.202558
1.170076
1.119206
1.056864
1.058452
1.120533
1.171042
1.203070
1.236882
1.225678
1.193395
1.142968
1.081382
1.083120
1.144477
1.194523
1.226287
0.973457
0.976221
0.983878
0.993977
0.995322
0.984878
0.976753
0.969416
0.972037
0.979242
0.988665
0.989893
0.980176
0.972538
0.957557
0.959679
0.965445
0.972639
0.973715
0.966281
0.960134
0.941392
0.942747
0.946249
0.949846
0.950776
0.946993
0.943157
0.925295
0.925697
0.926288
0.926972
0.926072
0.913215
0.912514
0.912879
0.914910
0.914123
0.914253
0.924943
0.925231
0.925362
0.925915
0.925517
0.939971
0.941215
0.944351
0.947276
0.948396
0.945132
0.941624
0.955977
0.958008
0.963521
0.970261
0.971576
0.964456
0.958496
0.968417
0.970984
0.978063
0.987251
0.988638
0.979071
0.971515
0.797456
0.808343
0.808752
0.794742
0.805485
0.805810
0.786782
0.785398
0.793881
0.804485
0.804951
0.647452
0.694109
0.894063
0.898218
0.776727
0.670322
0.605634
0.639665
0.684344
0.884855
0.893916
0.775366
0.671263
0.609632
0.609635
0.671391
0.775670
0.894428
0.885411
0.684568
0.639704
0.615607
0.655771
0.860463
0.886816
0.777096
0.679054
0.625679
0.625717
0.679355
0.777740
0.887865
0.861550
0.656197
0.615697
0.580313
0.612726
0.821370
0.875506
0.780036
0.691466
0.650851
0.650986
0.692022
0.781087
0.877123
0.822924
0.613321
0.580463
0.539076
0.560703
0.769633
0.860200
0.784246
0.707902
0.683476
0.683788
0.708809
0.785788
0.862407
0.771556
0.561425
0.539302
0.496959
0.505291
0.707514
0.840827
0.789780
0.728182
0.722208
0.722768
0.729552
0.791902
0.843644
0.709667
0.506099
0.497277
0.581975
0.458072
0.451176
0.637453
0.816632
0.796779
0.752518
0.754445
0.799554
0.820024
0.639666
0.452043
0.458489
0.582248
0.552375
0.425227
0.401931
0.562883
0.785682
0.805012
0.781563
0.784122
0.808487
0.789548
0.564992
0.402827
0.425740
0.552783
0.735303
0.532678
0.400318
0.359929
0.487701
0.744935
0.813550
0.816377
0.819612
0.817754
0.749093
0.489607
0.360837
0.400916
0.533221
0.735934
0.975328
0.726901
0.524672
0.384773
0.326502
0.416188
0.690771
0.820466
0.857852
0.861765
0.825394
0.694923
0.417851
0.327406
0.385433
0.525323
0.727687
0.976303
1.426404
1.218673
0.975040
0.735260
0.530456
0.380173
0.302757
0.352512
0.619675
0.822384
0.827997
0.623458
0.353965
0.303635
0.380852
0.531167
0.736148
0.976189
1.220020
1.427702
1.532068
1.497587
1.392448
1.218499
0.997049
0.763910
0.553099
0.388790
0.289983
0.299797
0.531942
0.813372
0.819541
0.535055
0.301102
0.290795
0.389414
0.553774
0.764808
0.998293
1.220052
1.394004
1.498592
1.466709
1.448197
1.380595
1.245382
1.047590
0.819052
0.597927
0.414435
0.290304
0.260311
0.434167
0.436610
0.261514
0.290961
0.414851
0.598371
0.819764
1.048786
1.247076
1.382424
1.449425
1.412812
1.414745
1.395716
1.308225
1.137728
0.911477
0.673885
0.463655
0.307689
0.236118
0.339018
0.341124
0.237185
0.307998
0.463565
0.673729
0.911630
1.138548
1.309878
1.397780
1.416239
1.368706
1.399884
1.448257
1.425317
1.287619
1.059806
0.796036
0.547794
0.349430
0.230435
0.231190
0.349011
0.546641
0.794596
1.058660
1.287436
1.426524
1.450451
1.401688
1.333431
1.410552
1.561702
1.631472
1.535414
1.297580
0.991788
0.687249
0.429276
0.427316
0.683922
0.987727
1.293694
1.532955
1.631391
1.563782
1.412684
1.306740
1.464918
1.790092
2.001437
1.955211
1.687604
1.309057
0.917616
0.572481
0.567320
0.909973
1.299823
1.678147
1.947670
1.998034
1.791115
1.467365
1.288612
1.615446
2.272251
2.707254
2.698255
2.344174
1.831716
1.301067
1.285199
1.812674
2.323713
2.679774
2.695344
2.269506
1.617925
1.284538
2.063752
3.436533
4.164321
4.058879
3.453058
3.413056
4.018237
4.130948
3.420416
2.064315
1.340455
4.001985
6.744624
7.206809
6.380219
6.310872
7.132095
6.681682
3.982159
0.666912
0.718123
0.917542
0.919032
0.796833
0.688862
0.621740
0.624369
0.690927
0.798358
0.920010
0.917979
0.718463
0.667342
0.658260
0.707862
0.909001
0.916317
0.797185
0.691275
0.626924
0.629471
0.693404
0.798962
0.917762
0.909943
0.708389
0.658703
0.633797
0.678699
0.884257
0.908887
0.798612
0.698736
0.642458
0.644895
0.700925
0.800629
0.910772
0.885629
0.679358
0.634229
0.597737
0.634623
0.844677
0.897013
0.801113
0.710756
0.667047
0.669373
0.713030
0.803405
0.899327
0.846396
0.635374
0.598160
0.555537
0.581210
0.792090
0.880977
0.804807
0.726827
0.699071
0.701333
0.729264
0.807425
0.883718
0.794038
0.582010
0.555957
0.512357
0.524116
0.728811
0.860723
0.809773
0.746764
0.737390
0.739650
0.749455
0.812787
0.863888
0.730847
0.524920
0.512794
0.593023
0.472333
0.468242
0.657390
0.835386
0.816071
0.770827
0.773873
0.819550
0.838925
0.659361
0.469031
0.472798
0.593422
0.762680
0.562787
0.438390
0.417287
0.581037
0.803152
0.823476
0.799775
0.803261
0.827472
0.806960
0.582808
0.418054
0.438893
0.563259
0.763256
0.739749
0.542468
0.412470
0.373613
0.503851
0.760838
0.830979
0.834529
0.838515
0.835512
0.764726
0.505353
0.374356
0.413019
0.543027
0.740438
0.970318
0.731066
0.533884
0.396069
0.338794
0.430301
0.704942
0.836667
0.876103
0.880600
0.841731
0.708621
0.431533
0.339518
0.396657
0.534520
0.731865
0.971314
1.398213
1.202033
0.969976
0.738895
0.539091
0.390784
0.313915
0.364679
0.631988
0.836982
0.842506
0.635123
0.365709
0.314614
0.391386
0.539770
0.739766
0.971082
1.203308
1.399411
1.497695
1.465359
1.366426
1.202170
0.991278
0.766798
0.561257
0.398954
0.300307
0.310314
0.542388
0.825949
0.831775
0.544738
0.311237
0.300962
0.399516
0.561904
0.767660
0.992453
1.203589
1.367804
1.466238
1.436248
1.418716
1.355388
1.228018
1.040488
0.820886
0.605638
0.424365
0.300215
0.269653
0.442892
0.444546
0.270535
0.300762
0.424758
0.606085
0.821568
1.041570
1.229490
1.356957
1.419774
1.384770
1.386803
1.369443
1.288471
1.128012
0.911705
0.681123
0.473756
0.317695
0.244876
0.346750
0.348135
0.245706
0.317975
0.473724
0.681030
0.911854
1.128700
1.289838
1.371162
1.388052
1.341801
1.371489
1.418760
1.400452
1.273649
1.057722
0.802957
0.558729
0.360321
0.239434
0.240061
0.359985
0.557740
0.801683
1.056626
1.273313
1.401299
1.420510
1.372955
1.305861
1.379154
1.525267
1.597981
1.514433
1.292404
0.998547
0.699785
0.442187
0.440492
0.696807
0.994808
1.288705
1.511842
1.597475
1.526749
1.380836
1.275577
1.426506
1.739896
1.952556
1.923074
1.677247
1.316676
0.934018
0.589692
0.585052
0.926983
1.307997
1.668165
1.915542
1.948703
1.740168
1.428303
1.249548
1.561635
2.195119
2.631087
2.648713
2.328954
1.843104
1.325701
1.310764
1.824938
2.309180
2.630545
2.618809
2.191391
1.563106
1.227776
1.971287
3.298369
4.037939
3.984173
3.436427
3.397609
3.944283
4.004623
3.280924
1.970013
1.229056
3.766154
6.455025
6.999333
6.925265
6.390972
3.742545
1.452324
3.978011
6.571455
7.039479
7.110499
6.628892
3.992011
1.338214
2.081788
3.382375
4.083088
3.997956
3.430961
3.469975
4.036613
4.113521
3.395493
2.079320
1.321875
1.634466
2.256220
2.671319
2.668539
2.333971
1.839360
1.317664
1.333782
1.858145
2.353552
2.685451
2.681351
2.257276
1.631067
1.328252
1.479666
1.786228
1.986250
1.943269
1.686692
1.319144
0.932751
0.587239
0.592828
0.940493
1.328071
1.695385
1.949669
1.988398
1.784179
1.476695
1.346252
1.419997
1.561541
1.625724
1.532789
1.302889
1.003517
0.701543
0.442573
0.444842
0.704922
1.007324
1.306168
1.534446
1.624952
1.558814
1.417514
1.373596
1.403678
1.447600
1.423218
1.289564
1.067688
0.808588
0.561615
0.361794
0.240400
0.239988
0.362446
0.562801
0.809801
1.068368
1.289120
1.421355
1.444903
1.401617
1.410116
1.412463
1.392628
1.307100
1.141466
0.920566
0.686528
0.476868
0.319461
0.245874
0.347333
0.345374
0.245055
0.319321
0.476971
0.686503
0.920052
1.140157
1.304949
1.390176
1.410763
1.456489
1.439232
1.373989
1.243136
1.051633
0.828450
0.610447
0.427266
0.301899
0.270478
0.444146
0.441764
0.269449
0.301377
0.426870
0.609868
0.827461
1.050061
1.241053
1.371852
1.437841
1.513739
1.481645
1.381251
1.214305
1.000356
0.773061
0.565327
0.401460
0.301757
0.310966
0.544859
0.834335
0.828669
0.541779
0.309776
0.301058
0.400861
0.564565
0.771957
0.998821
1.212461
1.379445
1.480504
1.409848
1.211610
0.977178
0.743922
0.542384
0.392829
0.315083
0.365265
0.635656
0.844621
0.839608
0.631949
0.363887
0.314303
0.392187
0.541625
0.742890
0.975830
1.210048
1.408381
0.975880
0.734956
0.536433
0.397643
0.339681
0.430994
0.709329
0.843347
0.882525
0.879796
0.839112
0.705336
0.429379
0.338877
0.397043
0.535775
0.734095
0.974775
0.742600
0.544315
0.413596
0.374244
0.504792
0.765392
0.836673
0.839971
0.837992
0.833256
0.761502
0.502932
0.373448
0.413088
0.543816
0.741963
0.764607
0.564001
0.439101
0.417704
0.582293
0.807445
0.828199
0.804270
0.803071
0.825623
0.803964
0.580244
0.416938
0.438719
0.563689
0.764221
0.593688
0.472687
0.468487
0.658875
0.839156
0.819870
0.774436
0.773998
0.818113
0.836272
0.656775
0.467782
0.472447
0.593579
0.512418
0.524236
0.730376
0.863842
0.812735
0.749569
0.740058
0.741597
0.749826
0.811752
0.861659
0.728412
0.523627
0.512331
0.555389
0.581249
0.793547
0.883416
0.807016
0.728908
0.701147
0.703123
0.729771
0.806736
0.881960
0.791896
0.580772
0.555455
0.597488
0.634607
0.845880
0.898786
0.802663
0.712220
0.668556
0.670872
0.713566
0.802991
0.898025
0.844678
0.634303
0.597689
0.633547
0.678671
0.885099
0.910026
0.799582
0.699661
0.643443
0.645979
0.701365
0.800408
0.909914
0.884428
0.678570
0.633861
0.658109
0.707843
0.909440
0.916871
0.797655
0.691723
0.627411
0.630047
0.693655
0.798869
0.917337
0.909331
0.707965
0.658496
0.721350
0.788562
0.988611
0.984966
0.861353
0.748779
0.674647
0.679590
0.752656
0.864219
0.986814
0.989438
0.789175
0.722167
0.712332
0.777708
0.979845
0.981916
0.861344
0.750816
0.679309
0.684012
0.754647
0.864372
0.984131
0.981059
0.778422
0.713099
0.686494
0.746601
0.954125
0.973454
0.861938
0.757523
0.693711
0.698082
0.761243
0.865068
0.975966
0.955627
0.747344
0.687174
0.648266
0.699326
0.912833
0.960000
0.863281
0.768513
0.716768
0.720768
0.772112
0.866510
0.962760
0.914497
0.700048
0.648847
0.603298
0.641723
0.857875
0.941847
0.865418
0.783482
0.747192
0.750835
0.787010
0.868768
0.944823
0.859577
0.642367
0.603780
0.663863
0.557045
0.579776
0.791303
0.918950
0.868615
0.802362
0.805896
0.872139
0.922109
0.792895
0.580321
0.557456
0.664341
0.624402
0.513875
0.518732
0.715715
0.890441
0.872860
0.825585
0.829215
0.876609
0.893722
0.717062
0.519175
0.514241
0.624871
0.775681
0.592765
0.476936
0.462664
0.634187
0.854287
0.877854
0.853998
0.857814
0.881868
0.857565
0.635200
0.463023
0.477291
0.593260
0.776406
0.975546
0.753120
0.571145
0.448350
0.414350
0.551209
0.807588
0.882421
0.888459
0.892520
0.886706
0.810660
0.551849
0.414650
0.448721
0.571698
0.753928
0.976581
1.178859
0.959196
0.744454
0.561363
0.429705
0.375461
0.471649
0.746452
0.884444
0.888960
0.749038
0.471983
0.375739
0.430113
0.561991
0.745356
0.960331
1.180092
1.476458
1.438948
1.330370
1.162883
0.960064
0.751825
0.565476
0.422663
0.347316
0.400353
0.667770
0.880092
0.884718
0.669568
0.400502
0.347602
0.423117
0.566175
0.752807
0.961291
1.164222
1.331562
1.439665
1.419219
1.391539
1.307093
1.165938
0.981259
0.778680
0.586707
0.429684
0.331427
0.341385
0.572441
0.863296
0.867811
0.573293
0.341493
0.331734
0.430166
0.587433
0.779695
0.982551
1.167371
1.308400
1.392339
1.371746
1.356259
1.301321
1.191850
1.028171
0.830859
0.630154
0.454717
0.330185
0.297457
0.468129
0.468259
0.297634
0.330491
0.455144
0.630789
0.831772
1.029408
1.193320
1.302744
1.357157
1.331897
1.332643
1.316911
1.248424
1.110620
0.918386
0.704759
0.504716
0.347949
0.271175
0.368790
0.368736
0.271442
0.348149
0.504900
0.705033
0.918903
1.111530
1.249777
1.318404
1.333664
1.297724
1.321935
1.362172
1.350810
1.247003
1.059163
0.826106
0.591723
0.392889
0.266319
0.266565
0.392700
0.591215
0.825455
1.058675
1.247070
1.351685
1.363634
1.323071
1.267531
1.329441
1.456590
1.529636
1.471811
1.286053
1.021747
0.737545
0.480260
0.479037
0.735423
1.019026
1.283310
1.469911
1.529310
1.457690
1.330693
1.239730
1.368622
1.644068
1.850224
1.854219
1.660132
1.342458
0.981860
0.976210
1.335362
1.652585
1.847942
1.846839
1.643952
1.369815
1.210979
1.479828
2.041710
2.464906
2.537829
2.298929
1.879194
1.863320
2.281594
2.521809
2.453866
2.037768
1.480412
1.176535
1.820687
3.010238
3.750753
3.812703
3.403839
3.368316
3.776324
3.720205
2.993470
1.818031
1.130946
3.341121
5.830089
6.516218
6.446798
5.769728
3.316079
1.550946
3.751234
6.105764
6.664515
6.727867
6.153765
3.758736
1.383853
2.026714
3.182698
3.868814
3.880365
3.434669
3.470246
3.914206
3.893805
3.191660
2.022601
1.346415
1.613974
2.159214
2.553417
2.595378
2.330755
1.892583
1.909515
2.347495
2.608862
2.560274
2.158314
1.609935
1.338034
1.465851
1.730481
1.918168
1.901538
1.689196
1.357936
0.988145
0.995199
1.365448
1.695853
1.905617
1.918368
1.727364
1.462518
1.342631
1.403700
1.523044
1.583021
1.510439
1.311379
1.036665
0.745193
0.483406
0.485833
0.748110
1.039440
1.313215
1.510512
1.580924
1.519605
1.400987
1.356590
1.380111
1.414467
1.393365
1.278521
1.080531
0.839364
0.599145
0.396418
0.267225
0.267505
0.397287
0.600057
0.839866
1.080161
1.276920
1.390578
1.411232
1.377887
1.378580
1.378837
1.358483
1.282495
1.136186
0.936066
0.716037
0.511249
0.351115
0.271709
0.367099
0.366167
0.271543
0.351239
0.511217
0.715508
0.934788
1.134040
1.279655
1.355624
1.376980
1.408845
1.392963
1.334424
1.219094
1.048775
0.845272
0.639449
0.460128
0.332685
0.297409
0.467463
0.466012
0.297000
0.332458
0.459697
0.638540
0.843719
1.046569
1.216466
1.331950
1.391432
1.448462
1.420505
1.333258
1.187540
0.997668
0.790204
0.594146
0.433940
0.333176
0.340802
0.573586
0.873207
0.868823
0.571373
0.340205
0.332793
0.433385
0.593176
0.788698
0.995655
1.185246
1.331174
1.419239
1.499125
1.461492
1.350753
1.179740
0.972889
0.760819
0.571223
0.425831
0.348341
0.399468
0.670742
0.889281
0.885476
0.667849
0.398648
0.347898
0.425291
0.570351
0.759508
0.971173
1.177836
1.349040
1.460458
1.191673
0.968934
0.751238
0.565602
0.431878
0.375835
0.470792
0.750594
0.892544
0.889473
0.747390
0.469697
0.375377
0.431433
0.564918
0.750200
0.967569
1.190157
0.982611
0.757972
0.574052
0.449644
0.414177
0.550667
0.812156
0.889337
0.895812
0.895409
0.887082
0.809051
0.549287
0.413735
0.449334
0.573599
0.757253
0.981630
0.778853
0.594517
0.477470
0.462074
0.634131
0.858712
0.883618
0.860156
0.860560
0.882214
0.856029
0.632535
0.461673
0.477329
0.594323
0.778475
0.625185
0.513785
0.517864
0.716113
0.894366
0.877537
0.830634
0.831843
0.876992
0.892307
0.714464
0.517528
0.513831
0.625261
0.663887
0.556490
0.578766
0.791993
0.922204
0.872301
0.806374
0.808356
0.872579
0.920877
0.790493
0.578530
0.556730
0.664230
0.602463
0.640708
0.858648
0.944388
0.868199
0.786559
0.750683
0.754977
0.789214
0.869232
0.943824
0.857479
0.640612
0.602892
0.647363
0.698431
0.913528
0.961834
0.865261
0.770739
0.719380
0.724093
0.773942
0.866951
0.961998
0.912821
0.698506
0.647963
0.685736
0.745932
0.954630
0.974631
0.863200
0.758967
0.695439
0.700407
0.762556
0.865419
0.975456
0.954454
0.746199
0.686466
0.711899
0.777357
0.980104
0.982491
0.861955
0.751524
0.680171
0.685214
0.755334
0.864562
0.983882
0.980456
0.777813
0.712703
0.806596
0.903087
1.100367
1.086660
0.960215
0.840522
0.755548
0.762258
0.845799
0.964121
1.089189
1.101506
0.903862
0.807701
0.796996
0.891410
1.091152
1.083037
0.959724
0.842060
0.759486
0.765747
0.847125
0.963659
1.085784
1.092504
0.892147
0.797964
0.769032
0.857268
1.064114
1.073062
0.959016
0.847500
0.772134
0.777803
0.852259
0.962884
1.075922
1.065544
0.857885
0.769810
0.802766
0.727391
0.805035
1.020607
1.057169
0.958339
0.856689
0.792598
0.797595
0.861092
0.962099
1.060061
1.021977
0.805466
0.727957
0.803571
0.757227
0.678105
0.740786
0.962352
1.035772
0.957898
0.869584
0.873658
0.961545
1.038635
0.963516
0.740990
0.678476
0.757864
0.711458
0.627034
0.670976
0.891261
1.008817
0.958031
0.886341
0.890135
0.961589
1.011589
0.892085
0.670958
0.627246
0.711979
0.824950
0.670197
0.578979
0.601584
0.809616
0.975415
0.958629
0.907570
0.911160
0.962127
0.978003
0.809985
0.601371
0.579089
0.670665
0.825786
0.791825
0.636729
0.537360
0.537170
0.720636
0.933582
0.959359
0.934055
0.937500
0.962803
0.935849
0.720483
0.536828
0.537435
0.637205
0.792695
0.953066
0.770298
0.613325
0.504509
0.481060
0.628831
0.880209
0.958883
0.966937
0.970271
0.962241
0.881935
0.628196
0.480668
0.504612
0.613876
0.771255
0.954311
1.260803
1.115180
0.940900
0.762065
0.601794
0.482179
0.435388
0.539836
0.811359
0.954711
0.957884
0.812273
0.538857
0.435029
0.482379
0.602472
0.763156
0.942257
1.116586
1.261969
1.348478
1.319983
1.237300
1.107208
0.944315
0.769112
0.604213
0.472093
0.401651
0.459611
0.724437
0.942849
0.945655
0.724288
0.458516
0.401412
0.472447
0.605064
0.770360
0.945808
1.108714
1.238545
1.320696
1.314527
1.292656
1.226570
1.115242
0.965747
0.794482
0.623621
0.476769
0.381589
0.393081
0.620930
0.619688
0.392110
0.381545
0.477323
0.624661
0.795889
0.967364
1.116845
1.227899
1.293414
1.287152
1.273929
1.229353
1.142276
1.009904
0.843519
0.665033
0.500278
0.377734
0.343748
0.509913
0.507972
0.343080
0.377936
0.501030
0.666209
0.845017
1.011593
1.143957
1.230765
1.274742
1.264292
1.263213
1.248400
1.194504
1.085369
0.925435
0.737147
0.549732
0.394779
0.314546
0.314270
0.395212
0.550598
0.738313
0.926822
1.086939
1.196162
1.249870
1.264096
1.244356
1.261041
1.290495
1.284649
1.208008
1.057173
0.855132
0.637565
0.441544
0.309796
0.309884
0.442064
0.638256
0.855869
1.058002
1.209073
1.286010
1.291921
1.261998
1.224773
1.270931
1.370472
1.438209
1.409233
1.269845
1.047266
0.786980
0.534703
0.534838
0.786772
1.046641
1.269094
1.408881
1.438648
1.371586
1.271926
1.203725
1.302617
1.524080
1.711200
1.751517
1.623041
1.365639
1.041229
1.038474
1.361668
1.618537
1.747679
1.709190
1.524151
1.303493
1.176802
1.386962
1.846152
2.236653
2.369448
2.235096
1.908707
1.897267
2.222189
2.357409
2.228315
1.842967
1.387137
1.135121
1.643836
2.636383
3.350385
3.547259
3.321951
3.292373
3.517109
3.325254
2.622259
1.640860
1.053160
2.825184
4.998073
4.945406
2.801820
1.626150
3.378710
5.395097
5.431364
3.379959
1.417056
1.921944
2.876984
3.529438
3.665056
3.390290
3.419444
3.691062
3.546766
2.880763
1.916470
1.360198
1.567487
2.007688
2.365742
2.461838
2.294328
1.941766
1.954479
2.305966
2.470051
2.368210
2.004526
1.562994
1.336155
1.432928
1.641884
1.807969
1.823853
1.672316
1.395914
1.057210
1.062021
1.400283
1.675368
1.824472
1.805575
1.637507
1.429392
1.325304
1.369879
1.460303
1.513041
1.466498
1.310208
1.073280
0.801974
0.541808
0.543599
0.803358
1.073867
1.309521
1.464200
1.509275
1.456081
1.367000
1.322591
1.338060
1.360628
1.343491
1.253659
1.089928
0.876757
0.650437
0.447833
0.310819
0.311712
0.448437
0.650360
0.875720
1.087781
1.250397
1.339522
1.356847
1.335709
1.325821
1.323856
1.303702
1.241096
1.121752
0.951758
0.754684
0.560167
0.399627
0.314487
0.315065
0.399753
0.559526
0.753108
0.949209
1.118390
1.237380
1.300392
1.321883
1.335588
1.321781
1.273030
1.179158
1.038774
0.864442
0.678910
0.508339
0.380989
0.342460
0.506748
0.506959
0.342895
0.380960
0.507587
0.677288
0.861970
1.035675
1.175862
1.270190
1.320124
1.352351
1.330101
1.260791
1.144161
0.988387
0.810816
0.634308
0.482664
0.383315
0.390736
0.620219
0.619604
0.391050
0.383273
0.481995
0.632879
0.808654
0.985708
1.141360
1.258417
1.328727
1.377555
1.348828
1.263717
1.129536
0.961731
0.781567
0.612127
0.476069
0.402006
0.456645
0.726247
0.953125
0.951066
0.724865
0.456767
0.402005
0.475572
0.610995
0.779809
0.959527
1.127228
1.261764
1.347692
1.280645
1.131944
0.953913
0.771203
0.607329
0.484489
0.434586
0.536830
0.814898
0.963923
0.962434
0.813095
0.536670
0.434640
0.484200
0.606530
0.769875
0.952197
1.130121
1.279096
0.962329
0.776605
0.616828
0.505408
0.479357
0.626312
0.884521
0.966842
0.975976
0.977303
0.966047
0.882702
0.625820
0.479463
0.505344
0.616384
0.775727
0.961115
0.795741
0.638525
0.537106
0.534828
0.718899
0.937936
0.966051
0.941659
0.943752
0.966027
0.936438
0.718138
0.534986
0.537275
0.638438
0.795316
0.826898
0.670611
0.577828
0.598890
0.808654
0.979359
0.964108
0.913851
0.916722
0.964878
0.978407
0.807786
0.599110
0.578233
0.670874
0.826912
0.710836
0.625280
0.668221
0.890875
1.012119
0.962381
0.891402
0.895023
0.963936
1.011837
0.890113
0.668513
0.625912
0.711434
0.755951
0.676073
0.738215
0.962301
1.038356
0.961219
0.873512
0.877791
0.963508
1.038784
0.961826
0.738608
0.676917
0.756848
0.801258
0.725422
0.802879
1.020694
1.059038
0.960724
0.859557
0.796028
0.802812
0.864372
0.963645
1.060144
1.020626
0.803388
0.726439
0.802406
0.767465
0.855713
1.064215
1.074262
0.960553
0.849380
0.774425
0.781408
0.854543
0.963964
1.075967
1.064598
0.856343
0.768596
0.796130
0.890602
1.091215
1.083622
0.960480
0.842986
0.760625
0.767593
0.848306
0.964217
1.085804
1.092016
0.891332
0.797292
0.937874
0.918016
1.057566
1.241558
1.212160
1.081724
0.953256
0.959429
1.086315
1.215172
1.242947
1.058352
0.919257
0.939416
0.928636
0.907646
1.044901
1.231999
1.207903
1.080550
0.954165
0.959953
1.085006
1.210942
1.233378
1.045456
0.908617
0.929972
0.901368
0.876905
1.007220
1.203750
1.196017
1.078023
0.957764
0.963026
1.082216
1.198951
1.204964
1.007454
0.877552
0.902440
0.861169
0.830726
0.948958
1.158206
1.177145
1.074399
0.964259
0.968927
1.078259
1.179861
1.159091
0.948803
0.831037
0.861967
0.814342
0.775688
0.876307
1.096854
1.151737
1.070241
0.973732
0.977790
1.073726
1.154146
1.097266
0.875749
0.775700
0.814912
0.876010
0.766907
0.718161
0.796416
1.021360
1.119832
1.065799
0.986694
0.990162
1.068902
1.121846
1.021160
0.795489
0.717954
0.767326
0.876935
0.836530
0.723734
0.663467
0.715674
0.933489
1.080520
1.061076
1.003817
1.006746
1.063784
1.082015
0.932585
0.714480
0.663138
0.724096
0.837430
0.941281
0.805880
0.688266
0.615484
0.639712
0.836302
1.031879
1.055431
1.025991
1.028380
1.057697
1.032695
0.834669
0.638384
0.615154
0.688675
0.806844
0.942589
1.157161
1.051461
0.922218
0.786121
0.662779
0.576786
0.572683
0.734313
0.970662
1.047467
1.049208
0.970580
0.732075
0.571388
0.576586
0.663352
0.787249
0.923646
1.052907
1.158335
1.226941
1.204735
1.140807
1.041023
0.915535
0.778791
0.649055
0.549176
0.517204
0.633793
0.893263
1.034562
1.035603
0.892047
0.631220
0.516113
0.549238
0.649901
0.780165
0.917152
1.042590
1.142041
1.205410
1.211214
1.191659
1.134542
1.042619
0.922362
0.785597
0.648965
0.534456
0.475203
0.542050
0.797454
1.012865
1.012928
0.794933
0.539528
0.474496
0.534918
0.650203
0.787305
0.924235
1.044353
1.135869
1.192378
1.201331
1.185473
1.137777
1.056920
0.944606
0.809031
0.665358
0.535002
0.448497
0.465403
0.685743
0.682062
0.463331
0.448358
0.536008
0.667089
0.811142
0.946769
1.058861
1.139224
1.186246
1.195461
1.184881
1.150792
1.086052
0.985858
0.853625
0.702754
0.554777
0.439701
0.408364
0.568182
0.563961
0.407057
0.440292
0.556451
0.705045
0.856163
0.988340
1.088199
1.152363
1.185715
1.191763
1.188861
1.174995
1.134469
1.052912
0.927473
0.769223
0.600849
0.453625
0.374390
0.374057
0.455079
0.603264
0.772078
0.930384
1.055624
1.136763
1.176678
1.189761
1.187831
1.197515
1.215122
1.211765
1.159184
1.045451
0.879447
0.685551
0.499432
0.501816
0.688648
0.882670
1.048471
1.161882
1.214071
1.216875
1.198505
1.181643
1.211844
1.281360
1.338054
1.330946
1.236249
1.060438
0.832966
0.595063
0.598221
0.836355
1.063434
1.238711
1.333021
1.339949
1.283012
1.212889
1.170196
1.238470
1.400472
1.557651
1.622716
1.556092
1.365341
1.088825
1.091314
1.366580
1.556282
1.622626
1.558014
1.401486
1.239405
1.148406
1.297724
1.643312
1.980242
2.154959
2.120392
2.114359
2.148857
1.975989
1.641989
1.298160
1.104484
1.473630
2.242877
2.893179
3.198346
3.177152
2.875562
2.233142
1.471537
0.995309
2.312445
2.293563
1.666420
2.949807
2.945572
1.434831
1.797774
2.528781
3.118307
3.359751
3.375272
3.126405
2.527036
1.791035
1.362122
1.508049
1.834797
2.140098
2.277671
2.206891
2.210951
2.278829
2.137425
1.829067
1.503077
1.323521
1.389614
1.539503
1.676355
1.716765
1.625281
1.412277
1.117453
1.117567
1.411324
1.622999
1.712804
1.670849
1.533707
1.385783
1.297087
1.325821
1.386701
1.428956
1.404222
1.291334
1.098825
0.857335
0.608226
0.607765
0.855465
1.095630
1.286925
1.398846
1.423145
1.381581
1.322738
1.276879
1.285568
1.296717
1.282584
1.216725
1.089098
0.910150
0.705139
0.509752
0.508979
0.702817
0.906467
1.084324
1.211308
1.277215
1.292314
1.283055
1.261085
1.257516
1.238729
1.189993
1.098133
0.961841
0.793308
0.615884
0.460806
0.374011
0.374913
0.460186
0.613768
0.789863
0.957407
1.093225
1.185267
1.234967
1.255408
1.249411
1.238456
1.200608
1.129481
1.021214
0.880349
0.721191
0.565730
0.443871
0.405751
0.562244
0.564438
0.406868
0.443576
0.564056
0.718281
0.876540
1.016995
1.125454
1.197431
1.236687
1.242989
1.226912
1.176391
1.090567
0.971869
0.829407
0.678997
0.542405
0.449966
0.460971
0.682900
0.684342
0.462240
0.450015
0.541235
0.676729
0.826313
0.968378
1.087220
1.173759
1.225452
1.242810
1.223202
1.163959
1.068199
0.942959
0.800682
0.658567
0.538828
0.474353
0.536584
0.797845
1.023568
1.023694
0.798453
0.537846
0.474708
0.538141
0.656921
0.798293
0.940191
1.065498
1.161815
1.222010
1.250241
1.228077
1.162597
1.059905
0.930550
0.789447
0.655273
0.551006
0.514490
0.628263
0.895973
1.044473
1.044903
0.896030
0.629328
0.515087
0.550766
0.654213
0.787722
0.928452
1.057816
1.160919
1.227143
1.172607
1.064751
0.932567
0.793092
0.666187
0.576538
0.568598
0.729564
0.974547
1.056196
1.057110
0.974424
0.730291
0.569366
0.576690
0.665670
0.791996
0.931117
1.063244
1.171368
0.947774
0.809793
0.689385
0.613612
0.634775
0.832756
1.036034
1.062872
1.034782
1.038528
1.064374
1.036057
0.833163
0.635649
0.614115
0.689368
0.809293
0.946934
0.838002
0.723078
0.660420
0.710404
0.931148
1.084383
1.067238
1.011116
1.015538
1.069395
1.084791
0.931367
0.711335
0.661234
0.723517
0.838055
0.875657
0.764990
0.714415
0.791277
1.019928
1.123125
1.070750
0.992601
0.997675
1.073571
1.124051
1.020168
0.792238
0.715495
0.765839
0.876211
0.811728
0.771751
0.871717
1.096022
1.154337
1.074051
0.978337
0.983985
1.077494
1.155827
1.096445
0.872694
0.773038
0.812924
0.858451
0.827133
0.945234
1.157720
1.179043
1.077162
0.967649
0.973738
1.081132
1.181077
1.158423
0.946213
0.828561
0.859912
0.899139
0.874159
1.004601
1.203476
1.197250
1.079817
0.959994
0.966332
1.084174
1.199748
1.204479
1.005577
0.875632
0.900755
0.927380
0.906156
1.043552
1.231877
1.208498
1.081433
0.955266
0.961635
1.086000
1.211326
1.233125
1.044478
0.907568
0.929025
1.003410
1.056130
1.243998
1.395823
1.346771
1.212321
1.075535
1.082174
1.217312
1.350097
1.397441
1.244696
1.057280
1.004973
1.024088
0.994253
1.044783
1.230506
1.386067
1.341803
1.210319
1.075500
1.081565
1.214975
1.344932
1.387428
1.230735
1.045478
0.995495
1.025634
0.999239
0.966506
1.010347
1.189732
1.357230
1.327821
1.205350
1.076582
1.081903
1.209530
1.330595
1.358152
1.189385
1.010542
0.967376
1.000532
0.962826
0.925134
0.958248
1.125879
1.310579
1.305581
1.197971
1.079141
1.083619
1.201560
1.307881
1.310905
1.124904
0.957962
0.925655
0.963874
0.921060
0.876567
0.895502
1.045031
1.247540
1.275827
1.188828
1.083599
1.087185
1.191764
1.277523
1.247111
1.043432
0.894818
0.876807
0.921915
0.950220
0.879837
0.827019
0.829337
0.954087
1.169464
1.238681
1.178264
1.090648
1.093328
1.180497
1.239661
1.168147
0.951952
0.828395
0.827107
0.880601
0.951354
0.991012
0.919607
0.843789
0.781495
0.765790
0.860118
1.077535
1.193315
1.166358
1.167825
1.193436
1.075252
0.857630
0.764771
0.781584
0.844582
0.920773
0.992233
1.030606
0.972499
0.897729
0.816013
0.743542
0.709213
0.769938
0.973962
1.137816
1.152283
1.152879
1.136910
0.970738
0.767359
0.708320
0.743793
0.816971
0.899024
0.973802
1.031635
1.072616
1.059968
1.023114
0.963782
0.886050
0.798399
0.715479
0.662522
0.688719
0.862767
1.069272
1.134539
1.134101
1.067134
0.858829
0.686354
0.661980
0.716085
0.799669
0.887585
0.965239
1.024229
1.060564
1.073378
1.060992
1.024539
0.965023
0.885256
0.792247
0.698927
0.627605
0.620081
0.750681
0.984420
1.110882
1.109167
0.980866
0.746465
0.618254
0.627652
0.700084
0.793983
0.887146
0.966714
1.025778
1.061642
1.080351
1.068669
1.034040
0.976252
0.896118
0.798799
0.695426
0.606157
0.566585
0.646277
0.881424
0.876426
0.642405
0.565626
0.607050
0.697349
0.801172
0.898475
0.978243
1.035459
1.069401
1.091747
1.081441
1.050712
0.997386
0.919703
0.819942
0.707312
0.600262
0.530170
0.557709
0.763625
0.757561
0.554818
0.530413
0.602283
0.710230
0.823108
0.922637
0.999763
1.052345
1.082278
1.105668
1.097940
1.074141
1.029443
0.958345
0.859148
0.738473
0.613422
0.513307
0.490927
0.489533
0.515075
0.616849
0.742600
0.863267
0.961960
1.032260
1.076031
1.098867
1.119646
1.116511
1.104613
1.075323
1.016911
0.922856
0.795818
0.651957
0.520547
0.449900
0.450415
0.524179
0.657083
0.801364
0.928039
1.021283
1.078621
1.106771
1.117571
1.132010
1.136272
1.144526
1.141066
1.105792
1.023491
0.892534
0.728101
0.560932
0.566764
0.735160
0.899588
1.029740
1.110864
1.144845
1.146991
1.137493
1.139551
1.157028
1.200337
1.241483
1.245547
1.185601
1.053826
0.864750
0.873817
1.062227
1.192610
1.251048
1.245540
1.203050
1.158424
1.139374
1.181626
1.289119
1.409304
1.480402
1.459023
1.330078
1.338911
1.465719
1.485349
1.412975
1.291803
1.183145
1.124995
1.221720
1.461479
1.728158
1.913802
1.952875
1.956297
1.915404
1.729352
1.463032
1.223093
1.082966
1.328689
1.883339
2.433009
2.424824
1.879405
1.328574
1.436431
1.674986
2.193987
2.689032
2.686904
2.186490
1.666980
1.352424
1.446592
1.669995
1.909127
2.061074
2.065242
2.059114
2.053792
1.900662
1.661519
1.440974
1.301444
1.342339
1.439968
1.543059
1.592231
1.547150
1.395190
1.386471
1.537822
1.582718
1.534028
1.432608
1.338081
1.260418
1.277292
1.313913
1.343211
1.331756
1.254480
1.105557
0.900661
0.893367
1.096808
1.245144
1.322583
1.335105
1.307761
1.273939
1.224292
1.228276
1.231739
1.219550
1.172666
1.077162
0.932823
0.755817
0.576927
0.573131
0.749674
0.925172
1.068880
1.164611
1.212597
1.226655
1.225559
1.190693
1.187478
1.172043
1.136146
1.068749
0.964318
0.826571
0.672362
0.530993
0.449931
0.450187
0.528448
0.667604
0.820308
0.957383
1.061969
1.130330
1.167794
1.185247
1.160307
1.152635
1.126195
1.076344
0.998167
0.890681
0.761266
0.627518
0.518745
0.487320
0.488524
0.517361
0.624089
0.756405
0.885104
0.992642
1.071568
1.122709
1.150806
1.133378
1.123205
1.090458
1.033131
0.949808
0.843317
0.723449
0.609007
0.531266
0.551329
0.758864
0.762305
0.553252
0.530882
0.606766
0.719866
0.839002
0.945427
1.029289
1.087643
1.121722
1.111517
1.099988
1.063843
1.002919
0.918287
0.815465
0.706045
0.610410
0.564078
0.638437
0.880492
0.883214
0.640753
0.564506
0.609176
0.703582
0.812276
0.914925
0.999909
1.061606
1.098807
1.096029
1.083794
1.046193
0.984245
0.900875
0.803383
0.705022
0.628204
0.614802
0.742870
0.986292
1.120847
1.123395
0.988397
0.745215
0.615847
0.627811
0.703528
0.801187
0.898434
0.982001
1.044507
1.082895
1.088315
1.075812
1.038116
0.976882
0.896299
0.805022
0.717900
0.660210
0.681557
0.856170
1.072646
1.143556
1.146339
1.074432
0.858266
0.683022
0.660507
0.717235
0.803698
0.894679
0.975332
1.036921
1.075164
1.040176
0.980630
0.903627
0.819008
0.743066
0.704734
0.761806
0.969073
1.141687
1.160134
1.163279
1.143436
0.970833
0.763498
0.705581
0.743108
0.818459
0.902755
0.979709
1.039435
0.995194
0.922085
0.843979
0.778867
0.759866
0.851850
1.074235
1.197040
1.172957
1.176544
1.198972
1.075752
0.853618
0.761142
0.779503
0.844102
0.921877
0.994848
0.950159
0.878028
0.822991
0.822706
0.946385
1.167342
1.241921
1.183632
1.097117
1.103450
1.187692
1.244168
1.168767
0.948125
0.824285
0.824117
0.878728
0.950539
0.918081
0.871911
0.888930
1.038422
1.246202
1.278425
1.193003
1.088673
1.095427
1.197513
1.281027
1.247668
1.040054
0.890690
0.873410
0.919263
0.959529
0.920668
0.952485
1.120697
1.309733
1.307500
1.201027
1.082898
1.089938
1.205891
1.310455
1.311310
1.122184
0.954304
0.922409
0.961070
0.996457
0.962987
1.006057
1.186176
1.356712
1.329067
1.207348
1.079060
1.086197
1.212436
1.332286
1.358398
1.187478
1.007789
0.964823
0.998215
1.022500
0.992315
1.042496
1.228696
1.385819
1.342414
1.211304
1.076732
1.083741
1.216441
1.345764
1.387538
1.229749
1.043998
0.994089
1.024326
1.006615
1.029491
1.087661
1.229046
1.443934
1.542427
1.474018
1.338139
1.196148
1.202962
1.343318
1.477555
1.544278
1.444555
1.229828
1.088973
1.031035
1.008156
1.000336
1.021960
1.078092
1.216435
1.430263
1.532788
1.468333
1.335115
1.194941
1.200980
1.339743
1.471435
1.534132
1.430172
1.216518
1.078897
1.023180
1.001675
0.981269
0.998770
1.048534
1.177313
1.388629
1.504249
1.452349
1.327325
1.192878
1.197960
1.331250
1.454843
1.504909
1.387708
1.176669
1.048815
0.999632
0.982372
0.953611
0.964481
1.004056
1.117529
1.322504
1.458063
1.426970
1.315457
1.190354
1.194357
1.318537
1.428712
1.457882
1.320700
1.116225
1.003879
0.965027
0.954503
0.925300
0.922765
0.924970
0.951501
1.044603
1.236929
1.395803
1.393076
1.300280
1.302416
1.393924
1.394615
1.234245
1.042786
0.951002
0.925307
0.923514
0.926136
0.909880
0.903657
0.893833
0.886005
0.897462
0.966590
1.137857
1.318435
1.351121
1.282430
1.283532
1.350953
1.316123
1.134415
0.964495
0.896843
0.886291
0.894555
0.904476
0.910547
0.907854
0.906019
0.900028
0.888317
0.870686
0.852056
0.847420
0.890513
1.032193
1.226556
1.300557
1.261852
1.261808
1.299233
1.223057
1.028270
0.888428
0.846918
0.852472
0.871520
0.889204
0.900729
0.906398
0.910491
0.907566
0.898354
0.881239
0.855777
0.826090
0.805021
0.821613
0.927156
1.121217
1.239656
1.237902
1.236563
1.236996
1.116603
0.923161
0.819878
0.804899
0.826840
0.856872
0.882301
0.899151
0.907986
0.921252
0.917371
0.905324
0.883242
0.850353
0.809866
0.772651
0.763420
0.829509
1.005341
1.165913
1.161776
0.999923
0.825961
0.762402
0.773203
0.811181
0.851862
0.884580
0.906282
0.917861
0.939424
0.934727
0.920423
0.894293
0.854871
0.804276
0.751680
0.717955
0.744447
0.884879
1.076562
1.070850
0.879273
0.741911
0.718046
0.753215
0.806392
0.856982
0.896028
0.921614
0.935320
0.963430
0.958296
0.942622
0.913926
0.869499
0.810119
0.743209
0.686663
0.675817
0.769313
0.970493
0.963356
0.764408
0.674850
0.688273
0.746066
0.813305
0.872395
0.916178
0.944121
0.959027
0.991530
0.986393
0.970815
0.941505
0.894497
0.828473
0.748882
0.671165
0.625927
0.668493
0.665254
0.627071
0.674752
0.753451
0.833015
0.898382
0.944423
0.972692
0.987293
1.021606
1.017200
1.003807
0.977110
0.931032
0.861491
0.771480
0.674131
0.597116
0.590287
0.589547
0.600904
0.680162
0.778150
0.867704
0.936120
0.980815
1.006134
1.018300
1.051249
1.048810
1.040842
1.021633
0.981997
0.914004
0.816523
0.701065
0.593414
0.600429
0.710096
0.825754
0.922210
0.988515
1.026258
1.043697
1.050142
1.078108
1.079462
1.082501
1.078835
1.054335
0.995216
0.895097
0.762438
0.775061
0.907324
1.005710
1.062463
1.084521
1.085984
1.081085
1.098765
1.107448
1.131665
1.157440
1.162755
1.124445
1.028693
1.044241
1.137375
1.172582
1.164262
1.135875
1.109434
1.109976
1.133052
1.197786
1.279763
1.341246
1.343692
1.358720
1.352421
1.287527
1.202699
1.135472
1.104570
1.160712
1.312588
1.505690
1.671623
1.682479
1.513296
1.317780
1.163492
1.067832
1.423407
1.332280
1.387634
1.527684
1.699720
1.838401
1.821584
1.685137
1.516423
1.381286
1.270940
1.294326
1.352890
1.422662
1.467092
1.449387
1.431526
1.451331
1.409893
1.343825
1.289619
1.217831
1.227110
1.247611
1.265325
1.258839
1.206026
1.094371
1.078387
1.190669
1.245414
1.254700
1.240377
1.223498
1.168153
1.170117
1.170632
1.161240
1.128001
1.057824
0.945225
0.799466
0.787860
0.932358
1.045252
1.116979
1.152599
1.164813
1.167220
1.119808
1.117938
1.108181
1.084648
1.038230
0.961440
0.853825
0.727448
0.608071
0.602236
0.718835
0.843851
0.951465
1.029382
1.077693
1.103494
1.115624
1.073690
1.069824
1.055058
1.024945
0.973415
0.896676
0.798181
0.691484
0.604246
0.586542
0.586909
0.600806
0.685432
0.790726
0.888995
0.966501
1.019454
1.051338
1.067967
1.030705
1.026005
1.009340
0.977233
0.925738
0.853664
0.766841
0.680944
0.626699
0.660990
0.662962
0.625251
0.677033
0.761529
0.847942
0.920459
0.972988
1.006443
1.024544
0.992336
0.987518
0.970936
0.939918
0.891718
0.827185
0.753990
0.690201
0.671492
0.760097
0.968828
0.973285
0.763088
0.671634
0.688068
0.750471
0.823127
0.887840
0.936747
0.968751
0.986420
0.960106
0.955623
0.940515
0.912412
0.869763
0.814745
0.756652
0.716487
0.736447
0.875994
1.077886
1.081861
0.879394
0.737779
0.715785
0.754625
0.812092
0.867097
0.910175
0.938953
0.954835
0.935352
0.931579
0.918804
0.895012
0.859358
0.815048
0.773006
0.758116
0.819300
0.998154
1.168890
1.172521
1.001495
0.821426
0.758538
0.772197
0.813577
0.857728
0.893591
0.917800
0.931066
0.919342
0.916435
0.906552
0.887964
0.860137
0.827140
0.801869
0.813612
0.916197
1.116108
1.243265
1.245690
1.250510
1.246739
1.119188
0.918728
0.814871
0.802042
0.826654
0.859382
0.887240
0.906027
0.916164
0.912602
0.910725
0.904122
0.891142
0.871498
0.850040
0.841796
0.880939
1.021690
1.223210
1.304140
1.268539
1.273567
1.307615
1.226030
1.024318
0.882768
0.842736
0.850362
0.871491
0.891026
0.904015
0.910669
0.910949
0.903653
0.892138
0.881951
0.890403
0.956535
1.128601
1.316337
1.354296
1.287952
1.293237
1.357881
1.318980
1.131130
0.958692
0.891902
0.882911
0.892749
0.904050
0.911199
0.923503
0.919604
0.919909
0.944059
1.035098
1.229352
1.394482
1.395659
1.304635
1.310154
1.399392
1.397037
1.231655
1.037352
0.945918
0.921340
0.920691
0.924314
0.950013
0.959451
0.997268
1.109490
1.316760
1.457221
1.428900
1.318680
1.194275
1.202035
1.324340
1.432752
1.459712
1.318771
1.111636
0.999281
0.961182
0.951440
0.978201
0.994746
1.043356
1.171490
1.384772
1.503721
1.453613
1.329448
1.195477
1.203148
1.335128
1.457513
1.506110
1.386413
1.173344
1.045324
0.996585
0.979813
0.998574
1.019725
1.075289
1.213384
1.428335
1.532523
1.468966
1.336159
1.196239
1.203600
1.341691
1.472762
1.534715
1.429525
1.214773
1.077005
1.021493
1.000220
0.840563
0.892508
0.965142
1.067641
1.222457
1.438688
1.622572
1.659239
1.577971
1.446074
1.451357
1.581676
1.661339
1.623264
1.438928
1.223142
1.068719
0.966306
0.893545
0.841332
0.837194
0.888203
0.959447
1.059833
1.211518
1.424942
1.609889
1.650052
1.571671
1.442068
1.446588
1.574705
1.651439
1.609709
1.424252
1.211440
1.060361
0.960236
0.888984
0.837794
0.796998
0.826896
0.874843
0.941457
1.035041
1.177235
1.382389
1.571248
1.622963
1.554098
1.431345
1.434922
1.556282
1.623460
1.570065
1.380741
1.176416
1.035042
0.941868
0.875359
0.827329
0.797235
0.776534
0.785840
0.812861
0.855895
0.915202
0.998171
1.125137
1.315936
1.509216
1.579371
1.526320
1.414712
1.417199
1.527499
1.578816
1.506935
1.313395
1.123703
0.997742
0.915315
0.856198
0.813150
0.786007
0.767695
0.775777
0.799207
0.836077
0.886159
0.955571
1.062991
1.232868
1.427175
1.520810
1.489382
1.393225
1.394491
1.489413
1.519079
1.423788
1.229629
1.061165
0.954899
0.886106
0.836262
0.799412
0.775898
0.763596
0.770373
0.789807
0.819720
0.859353
0.913455
0.998404
1.141307
1.329267
1.448289
1.444124
1.367656
1.367573
1.442875
1.445270
1.324877
1.137681
0.996497
0.912782
0.859309
0.819909
0.790006
0.770484
0.766802
0.772197
0.787455
0.810098
0.838701
0.876656
0.937766
1.049152
1.220100
1.362063
1.390417
1.338261
1.336689
1.387767
1.357726
1.214997
1.045573
0.936137
0.876250
0.838868
0.810422
0.787730
0.772343
0.778561
0.782604
0.793728
0.809100
0.826593
0.848316
0.885447
0.963172
1.105884
1.261939
1.327009
1.322832
1.256394
1.100602
0.960179
0.884499
0.848491
0.827195
0.809712
0.794169
0.782824
0.799004
0.801811
0.809026
0.817412
0.824155
0.830043
0.844005
0.888033
0.993955
1.149146
1.251844
1.246054
1.142749
0.989245
0.886206
0.844166
0.831126
0.825424
0.818478
0.809735
0.802152
0.827504
0.829067
0.832763
0.834789
0.831473
0.822441
0.814587
0.826637
0.891462
1.027537
1.162784
1.155420
1.021033
0.888206
0.826581
0.816324
0.824780
0.833665
0.836470
0.833837
0.829573
0.862512
0.863072
0.863804
0.860338
0.848208
0.825652
0.797818
0.780591
0.804544
0.905886
0.900402
0.803639
0.782928
0.801626
0.829636
0.851601
0.862825
0.865355
0.863797
0.902181
0.902013
0.900563
0.893000
0.873742
0.839707
0.794280
0.751003
0.737234
0.794851
0.791726
0.739527
0.756387
0.800707
0.845772
0.878657
0.896495
0.902699
0.903001
0.944324
0.943846
0.941374
0.931874
0.908122
0.865655
0.805674
0.739598
0.692177
0.698479
0.748748
0.815340
0.874283
0.914904
0.936591
0.944226
0.945158
0.986243
0.986029
0.984727
0.976293
0.952534
0.906245
0.835718
0.750492
0.764209
0.849334
0.917998
0.961556
0.982491
0.988434
0.987724
1.025257
1.026163
1.029173
1.027521
1.010699
0.967565
0.892738
0.911109
0.983040
1.022427
1.035491
1.033921
1.028340
1.057659
1.061865
1.075227
1.089678
1.091840
1.064024
1.083881
1.106743
1.099773
1.081269
1.064642
1.079700
1.091060
1.126626
1.176181
1.218888
1.237333
1.188769
1.134211
1.094611
1.083838
1.112824
1.199922
1.209350
1.117405
1.301380
1.332399
1.413823
1.399701
1.325219
1.232541
1.246286
1.280110
1.323565
1.355536
1.333136
1.306957
1.269363
1.241078
1.169965
1.176219
1.189097
1.200049
1.195240
1.157050
1.135061
1.177315
1.186926
1.180772
1.172246
1.109380
1.112007
1.114914
1.110887
1.088948
1.037864
0.952512
0.933624
1.020609
1.074834
1.100580
1.108407
1.108928
1.049671
1.050804
1.049443
1.039146
1.011245
0.958450
0.879098
0.782977
0.769660
0.864865
0.945210
1.000325
1.031154
1.044391
1.048415
0.992015
0.992537
0.989883
0.978708
0.951373
0.903242
0.835600
0.759980
0.701344
0.695135
0.750745
0.825226
0.893359
0.943117
0.972632
0.986025
0.990699
0.937626
0.938131
0.936356
0.927145
0.904617
0.865483
0.813159
0.761354
0.738006
0.787884
0.789212
0.735032
0.755478
0.805973
0.858387
0.898576
0.922660
0.933504
0.936773
0.888324
0.889285
0.889511
0.884380
0.869148
0.841868
0.807716
0.782813
0.798964
0.897332
0.900433
0.798556
0.779670
0.803160
0.837069
0.864957
0.881235
0.887508
0.888330
0.845716
0.847426
0.850461
0.850772
0.844460
0.831007
0.817312
0.822535
0.881788
1.019759
1.164162
1.169512
1.023746
0.883250
0.821557
0.814880
0.828102
0.841805
0.848750
0.849179
0.846820
0.811215
0.813978
0.820379
0.827016
0.830867
0.832601
0.841174
0.879372
0.982457
1.143326
1.254740
1.259890
1.147546
0.985110
0.880030
0.840431
0.831226
0.829474
0.825933
0.819706
0.813671
0.786077
0.789916
0.800125
0.813741
0.828481
0.846318
0.878587
0.951706
1.094468
1.258153
1.330505
1.335503
1.262270
1.097691
0.953500
0.879134
0.846165
0.828111
0.813434
0.799961
0.789856
0.770720
0.775799
0.790093
0.811028
0.837050
0.871445
0.928315
1.036517
1.209988
1.359820
1.393925
1.344680
1.351119
1.398829
1.363744
1.213325
1.038985
0.929782
0.872223
0.837490
0.811340
0.790336
0.775940
0.764884
0.771291
0.789777
0.818087
0.855365
0.906314
0.987755
1.128929
1.320978
1.447024
1.447272
1.373058
1.379538
1.452131
1.450753
1.324154
1.131658
0.989798
0.907754
0.856410
0.818873
0.790334
0.771588
0.767262
0.774963
0.797518
0.832972
0.881011
0.947774
1.052478
1.221865
1.420742
1.520090
1.491985
1.397553
1.404038
1.496788
1.523636
1.423620
1.224515
1.054772
0.949610
0.882456
0.834084
0.798300
0.775371
0.775240
0.784199
0.810488
0.852362
0.910032
0.990939
1.115986
1.307099
1.504515
1.578929
1.528289
1.417959
1.424377
1.532997
1.582265
1.506998
1.309412
1.118226
0.992912
0.911677
0.853657
0.811398
0.784672
0.795351
0.824722
0.871835
0.937304
1.029487
1.170484
1.376238
1.568160
1.622700
1.555406
1.433502
1.439712
1.559932
1.625750
1.570172
1.378007
1.172401
1.031347
0.938950
0.873168
0.825671
0.795847
0.835910
0.886486
0.957143
1.056815
1.207949
1.421789
1.608356
1.649926
1.572316
1.443140
1.448985
1.576517
1.652581
1.609775
1.422860
1.209324
1.058360
0.958617
0.887724
0.836803
0.717347
0.734917
0.788456
0.880382
1.016723
1.204825
1.433715
1.637896
1.738234
1.728130
1.645441
1.525352
1.530727
1.649303
1.730468
1.739158
1.637817
1.433475
1.205009
1.017241
0.880976
0.788936
0.735182
0.713821
0.731261
0.784203
0.874967
1.009266
1.194567
1.420912
1.625168
1.727641
1.719672
1.638955
1.520434
1.524841
1.641932
1.721136
1.727617
1.624091
1.419715
1.193929
1.009150
0.875095
0.784381
0.731373
0.703719
0.720505
0.771265
0.858021
0.985934
1.162517
1.381327
1.585996
1.695488
1.695175
1.620634
1.507031
1.510265
1.622541
1.695598
1.694397
1.583846
1.379192
1.161127
0.985239
0.857729
0.771162
0.720476
0.690446
0.706199
0.753490
0.833849
0.951632
1.114300
1.320102
1.523417
1.643918
1.656169
1.591730
1.592425
1.655407
1.641653
1.520201
1.317151
1.112322
0.950503
0.833238
0.753169
0.706057
0.678424
0.692799
0.735791
0.808190
0.913258
1.057753
1.244557
1.442105
1.575089
1.604280
1.553725
1.553070
1.602226
1.571602
1.437947
1.241034
1.055441
0.911902
0.807409
0.735346
0.692594
0.671677
0.684561
0.722839
0.786469
0.877209
1.000645
1.162920
1.347482
1.491163
1.540672
1.507683
1.505553
1.537240
1.486531
1.342655
1.159217
0.998347
0.875887
0.785704
0.722392
0.684344
0.673238
0.684633
0.718079
0.772579
0.848398
0.949395
1.083019
1.245916
1.393994
1.465586
1.454044
1.450335
1.460797
1.388431
1.240908
1.079640
0.947508
0.847405
0.772028
0.717752
0.684470
0.684848
0.694719
0.723433
0.768913
0.829808
0.908081
1.011018
1.144336
1.286123
1.378298
1.392175
1.386827
1.372287
1.280138
1.139856
1.008563
0.907048
0.829460
0.768791
0.723361
0.694671
0.706729
0.715216
0.739385
0.776173
0.822582
0.878793
0.950873
1.049295
1.172148
1.278167
1.271313
1.166592
1.046215
0.949982
0.879090
0.823220
0.776711
0.739706
0.715344
0.738338
0.745426
0.765337
0.793880
0.826549
0.861880
0.904456
0.966364
1.059022
1.166349
1.159432
1.055043
0.965620
0.905809
0.863988
0.828521
0.795319
0.766192
0.745801
0.778084
0.783920
0.799932
0.820790
0.840717
0.856741
0.872162
0.898955
0.955343
0.954257
0.901500
0.876452
0.861196
0.844413
0.823382
0.801474
0.784613
0.824025
0.828698
0.841182
0.855212
0.863657
0.862423
0.853737
0.848928
0.868248
0.871364
0.855699
0.861719
0.869815
0.869497
0.859231
0.843570
0.829781
0.873800
0.877489
0.886981
0.895359
0.894331
0.878577
0.849494
0.817540
0.829523
0.862010
0.889574
0.902797
0.901122
0.890396
0.879040
0.924236
0.927210
0.934863
0.939569
0.932161
0.906073
0.861261
0.879273
0.921458
0.943830
0.947466
0.939534
0.929325
0.972530
0.974986
0.982561
0.986836
0.978006
0.947869
0.968609
0.993571
0.997319
0.988746
0.977809
1.014550
1.017505
1.028061
1.037820
1.036510
1.056880
1.051541
1.036177
1.021199
1.046099
1.051731
1.071282
1.081914
1.056630
1.185704
1.195958
1.218618
1.206225
1.190208
1.116613
1.123166
1.136566
1.147595
1.144695
1.122481
1.132149
1.127234
1.118866
1.048564
1.053734
1.063514
1.068809
1.058710
1.024209
1.002472
1.041738
1.057050
1.056443
1.050503
0.981181
0.986124
0.995265
1.000388
0.991555
0.961436
0.909490
0.891166
0.945194
0.978820
0.991566
0.989974
0.983705
0.916237
0.921263
0.931540
0.939720
0.936876
0.917085
0.881393
0.840206
0.827955
0.868374
0.905331
0.927585
0.933295
0.927702
0.919512
0.855247
0.860731
0.873376
0.886587
0.892758
0.887308
0.872318
0.859356
0.869911
0.865435
0.851771
0.863636
0.879226
0.886309
0.882121
0.870736
0.859537
0.800578
0.806747
0.822389
0.841901
0.859117
0.870746
0.880107
0.899848
0.950488
0.949516
0.896004
0.874934
0.865651
0.854988
0.839062
0.820744
0.806022
0.754011
0.761051
0.780141
0.806884
0.836471
0.867279
0.904141
0.960468
1.050891
1.162098
1.166168
1.052350
0.959496
0.901761
0.864593
0.834226
0.805378
0.779330
0.760720
0.717073
0.725218
0.748217
0.782854
0.825943
0.877618
0.944563
1.039299
1.163424
1.275532
1.280190
1.166317
1.040362
0.944309
0.876822
0.825199
0.782423
0.748073
0.725207
0.691082
0.700388
0.727689
0.770805
0.828274
0.902186
1.000849
1.132690
1.278419
1.377069
1.395786
1.402000
1.381876
1.281959
1.134992
1.002091
0.902806
0.828686
0.771208
0.728067
0.700623
0.676374
0.687057
0.718969
0.771026
0.843469
0.940492
1.070963
1.234501
1.387859
1.465254
1.457610
1.463722
1.470003
1.391553
1.237373
1.073112
0.942076
0.844711
0.772037
0.719726
0.687471
0.672588
0.684708
0.721444
0.782710
0.870306
0.990344
1.150695
1.337442
1.486532
1.540819
1.510921
1.516878
1.545408
1.490092
1.340381
1.153231
0.992474
0.872056
0.784110
0.722448
0.685239
0.677916
0.691550
0.733108
0.803372
0.905705
1.047520
1.233492
1.433934
1.571679
1.604605
1.556437
1.562191
1.608952
1.574949
1.436608
1.235974
1.049804
0.907678
0.804954
0.734227
0.692134
0.689259
0.704366
0.750457
0.829055
0.944668
1.105411
1.311135
1.517278
1.641500
1.656473
1.593806
1.599291
1.660505
1.644371
1.519483
1.313235
1.107506
0.946576
0.830620
0.751568
0.704945
0.702504
0.718819
0.768702
0.854205
0.980621
1.155996
1.375067
1.581905
1.693902
1.695401
1.622019
1.509142
1.515875
1.627123
1.699003
1.696260
1.583479
1.376540
1.157626
0.982225
0.855570
0.769689
0.719332
0.713079
0.730265
0.782744
0.872864
1.006400
1.191127
1.417692
1.623124
1.726845
1.719779
1.639646
1.521488
1.527642
1.644209
1.722835
1.728565
1.623936
1.418369
1.192090
1.007515
0.873891
0.783512
0.730675
0.775504
0.803158
0.888026
1.032991
1.231676
1.449564
1.629846
1.735441
1.766794
1.739586
1.669132
1.673146
1.742114
1.767937
1.735450
1.629126
1.448693
1.231112
1.032790
0.888028
0.803196
0.767924
0.795401
0.879463
1.023069
1.220097
1.437537
1.618745
1.725922
1.758552
1.732245
1.662633
1.665581
1.733778
1.758747
1.725022
1.617162
1.435850
1.218779
1.022240
0.879013
0.795210
0.746563
0.773170
0.854268
0.993132
1.185388
1.401058
1.585406
1.697605
1.734385
1.711355
1.644579
1.646292
1.711737
1.733508
1.695707
1.582924
1.398577
1.183378
0.991738
0.853432
0.772780
0.716713
0.741788
0.818110
0.949287
1.132808
1.344384
1.532446
1.652285
1.696110
1.678487
1.616374
1.616700
1.677596
1.694063
1.649339
1.529074
1.341189
1.130230
0.947456
0.816963
0.741232
0.685229
0.708389
0.778713
0.899535
1.070334
1.273382
1.463374
1.592319
1.645693
1.635540
1.579709
1.578509
1.633269
1.642427
1.588353
1.459224
1.269657
1.067392
0.897444
0.777376
0.707739
0.659035
0.680058
0.743557
0.852299
1.006874
1.195470
1.382169
1.519584
1.584433
1.584010
1.580314
1.579987
1.514742
1.377509
1.191531
1.003870
0.850172
0.742188
0.679379
0.643120
0.662004
0.718602
0.814480
0.950080
1.118271
1.293885
1.435564
1.512688
1.524416
1.519332
1.507236
1.430200
1.289179
1.114595
0.947401
0.812605
0.717383
0.661394
0.640475
0.657251
0.707175
0.790212
0.905738
1.048961
1.204555
1.342180
1.429898
1.456058
1.449753
1.423836
1.336906
1.200516
1.046166
0.903848
0.788905
0.706303
0.656801
0.651867
0.666725
0.710407
0.781186
0.876497
0.992386
1.120624
1.243578
1.335652
1.329712
1.239338
1.118138
0.991163
0.875886
0.780776
0.710083
0.666529
0.676589
0.689635
0.727548
0.786766
0.862671
0.950985
1.047518
1.145623
1.232070
1.227415
1.143663
1.047604
0.952060
0.863847
0.787594
0.727971
0.689787
0.712775
0.724160
0.756744
0.805198
0.862908
0.924722
0.988681
1.055753
1.057468
0.992386
0.928841
0.866365
0.807585
0.758112
0.724751
0.758052
0.767854
0.795447
0.833914
0.874748
0.912022
0.945253
0.979910
0.986715
0.953636
0.919952
0.881044
0.838218
0.797972
0.768985
0.809532
0.817797
0.840870
0.870116
0.895759
0.911321
0.917329
0.931495
0.923935
0.905513
0.876757
0.844789
0.819567
0.863883
0.870588
0.889547
0.910906
0.923592
0.921095
0.939409
0.937554
0.920373
0.895149
0.873132
0.917457
0.922964
0.938606
0.953720
0.956998
0.976139
0.966641
0.946261
0.926466
0.966277
0.970609
0.975298
1.055334
1.064576
1.060035
0.983641
0.992698
1.012401
1.031360
1.036915
1.017888
1.018600
1.004995
0.989376
0.913278
0.922393
0.943882
0.967453
0.980960
0.976709
0.958511
0.967170
0.958255
0.938588
0.920043
0.846136
0.855875
0.880259
0.910234
0.935361
0.948301
0.948953
0.934517
0.935674
0.925777
0.903901
0.876688
0.854320
0.784756
0.795269
0.823100
0.861078
0.900251
0.934179
0.962288
0.990602
0.982367
0.953198
0.926046
0.894099
0.857111
0.820937
0.794368
0.731807
0.743247
0.775193
0.822161
0.877267
0.935318
0.994784
1.057711
1.053869
0.989882
0.930775
0.873893
0.820119
0.774200
0.742892
0.689639
0.702220
0.738796
0.795750
0.868442
0.952978
1.046136
1.142744
1.230220
1.231539
1.142004
1.044387
0.951201
0.867246
0.795242
0.738749
0.702308
0.660295
0.674291
0.716118
0.784100
0.875933
0.988496
1.115042
1.238962
1.333889
1.336701
1.240168
1.115419
0.988727
0.876379
0.784769
0.716797
0.674718
0.645394
0.661040
0.708787
0.788775
0.900930
1.041733
1.197439
1.337722
1.428742
1.457696
1.462973
1.432292
1.339957
1.199033
1.043225
0.902482
0.790266
0.709981
0.661705
0.645451
0.663071
0.717394
0.810245
0.942929
1.109848
1.287012
1.431964
1.512092
1.526209
1.531570
1.515899
1.434593
1.289111
1.111939
0.945075
0.812208
0.718887
0.663876
0.659594
0.679335
0.740655
0.846678
0.999016
1.187407
1.376397
1.516869
1.584180
1.585765
1.590992
1.587949
1.519513
1.378506
1.189564
1.001295
0.848775
0.742238
0.680182
0.684728
0.706722
0.775114
0.893708
1.062995
1.266562
1.458883
1.590310
1.645609
1.637086
1.582653
1.589227
1.642044
1.649140
1.592716
1.460712
1.268411
1.065049
0.895653
0.776600
0.707519
0.715753
0.739858
0.814661
0.944170
1.126809
1.339182
1.529173
1.650834
1.696079
1.679709
1.618665
1.624813
1.684261
1.699220
1.652847
1.530539
1.340503
1.128365
0.945742
0.815903
0.740534
0.745633
0.771552
0.851606
0.989383
1.181195
1.397583
1.583273
1.696647
1.734370
1.712193
1.646143
1.651740
1.716222
1.736984
1.698123
1.584048
1.398243
1.182110
0.990435
0.852489
0.772050
0.767363
0.794492
0.878013
1.021111
1.217957
1.435796
1.617680
1.725443
1.758539
1.732663
1.663414
1.668310
1.736020
1.760498
1.726248
1.617751
1.435712
1.218149
1.021548
0.878472
0.794768
1.047924
1.082507
1.179156
1.315683
1.457473
1.574595
1.655418
1.700741
1.713627
1.695797
1.698429
1.714895
1.700874
1.654750
1.573511
1.456320
1.314725
1.178525
1.082205
1.035411
1.070124
1.167203
1.304798
1.448037
1.566715
1.648757
1.694631
1.707645
1.689693
1.691250
1.707945
1.693946
1.647414
1.565098
1.446471
1.303517
1.166310
1.069673
0.999908
1.034964
1.132962
1.273381
1.421310
1.544802
1.630183
1.677711
1.691026
1.672966
1.673286
1.690257
1.676111
1.628113
1.542632
1.419335
1.271767
1.131820
1.034372
0.945508
0.980480
1.079470
1.223915
1.378998
1.510252
1.601370
1.651599
1.665510
1.647222
1.646191
1.663562
1.649027
1.598551
1.507544
1.376630
1.221992
1.078076
0.979739
0.878465
0.913022
1.011968
1.159712
1.323160
1.464878
1.564007
1.618194
1.633112
1.614507
1.612014
1.629933
1.614646
1.560479
1.461697
1.320457
1.157493
1.010312
0.912124
0.807768
0.841025
0.937688
1.086001
1.256560
1.409672
1.518909
1.578877
1.595515
1.591113
1.574430
1.514802
1.406150
1.253619
1.083548
0.935823
0.840003
0.743676
0.774840
0.866226
1.010078
1.182662
1.345214
1.465682
1.533322
1.553126
1.547641
1.528199
1.461269
1.341614
1.179684
1.007554
0.864279
0.773773
0.695530
0.723828
0.807182
0.940960
1.107567
1.273076
1.402803
1.479576
1.504863
1.498588
1.474208
1.398553
1.269830
1.104926
0.938687
0.805415
0.722844
0.668647
0.693688
0.767679
0.887106
1.039115
1.197394
1.329736
1.414618
1.409716
1.326396
1.195169
1.037394
0.885567
0.766421
0.692969
0.663883
0.685837
0.750297
0.853341
0.984715
1.125052
1.249303
1.336777
1.333449
1.247908
1.124760
0.984663
0.853096
0.749902
0.685540
0.679075
0.698054
0.753574
0.840205
0.948227
1.062984
1.167854
1.169771
1.065711
0.950650
0.841796
0.754371
0.698334
0.710260
0.726583
0.773905
0.845084
0.929511
1.015577
1.022497
0.935237
0.849038
0.776190
0.727579
0.753082
0.766964
0.806952
0.863798
0.925849
0.935703
0.870647
0.811030
0.768809
0.803023
0.814588
0.847844
0.891661
0.902006
0.854048
0.817426
0.842801
0.856778
0.892777
0.939417
0.930879
0.888029
0.854739
0.782219
0.797348
0.838406
0.896082
0.958315
0.949929
0.890841
0.835657
0.796244
0.731167
0.747711
0.794768
0.865367
0.948914
1.033725
1.027019
0.944271
0.862784
0.793664
0.747389
0.693593
0.712013
0.766292
0.851453
0.958361
1.072680
1.177459
1.173508
1.069400
0.956495
0.850926
0.766512
0.712324
0.673602
0.694422
0.757040
0.858399
0.989242
1.130545
1.256167
1.343960
1.343389
1.254703
1.129450
0.989217
0.859308
0.758221
0.695208
0.674990
0.698566
0.770562
0.888689
1.041314
1.201816
1.335929
1.420846
1.421887
1.335906
1.201854
1.042221
0.890368
0.772297
0.699633
0.699762
0.726525
0.808161
0.941438
1.109719
1.277794
1.408689
1.484911
1.509230
1.512953
1.486864
1.409456
1.278295
1.110833
0.943263
0.810025
0.727666
0.746835
0.776649
0.866840
1.010989
1.185639
1.350182
1.470921
1.537698
1.556809
1.560826
1.540077
1.472075
1.350802
1.186546
1.012502
0.868470
0.777680
0.810500
0.842698
0.938712
1.087743
1.260071
1.414279
1.523211
1.582359
1.598580
1.602571
1.584806
1.524461
1.414855
1.260651
1.088743
0.939900
0.843495
0.880950
0.914757
1.013415
1.161898
1.326551
1.468674
1.567305
1.620858
1.635598
1.617311
1.622732
1.639338
1.623140
1.568443
1.469099
1.326800
1.162399
1.014121
0.915269
0.947609
0.982095
1.080987
1.225974
1.381739
1.513042
1.603713
1.653521
1.667392
1.649420
1.654359
1.670714
1.655455
1.604586
1.513221
1.381666
1.226048
1.081274
0.982362
1.001428
1.036200
1.134159
1.274911
1.423178
1.546607
1.631669
1.678953
1.692302
1.674469
1.678798
1.695066
1.680406
1.632124
1.546433
1.422765
1.274622
1.134098
1.036243
1.036215
1.070787
1.167844
1.305601
1.448966
1.567591
1.649472
1.695243
1.708279
1.690462
1.694015
1.710368
1.696093
1.649411
1.566993
1.448197
1.304970
1.167490
1.070648
1.197918
1.217470
1.269780
1.340370
1.414216
1.481215
1.536602
1.578260
1.603540
1.604799
1.578360
1.535905
1.480097
1.413033
1.339356
1.269078
1.217117
1.192082
1.211816
1.264557
1.335827
1.410325
1.477817
1.533379
1.574810
1.599563
1.599840
1.574116
1.532057
1.476264
1.408870
1.334683
1.263810
1.211456
1.177265
1.197510
1.251610
1.324787
1.401232
1.470021
1.525920
1.566500
1.589340
1.588509
1.564906
1.523930
1.468011
1.399525
1.323550
1.250859
1.197163
1.153918
1.174997
1.231635
1.308359
1.388258
1.459460
1.515925
1.554917
1.574617
1.572548
1.552337
1.513219
1.457002
1.386338
1.307078
1.230930
1.174705
1.121530
1.144140
1.204915
1.287247
1.372750
1.447838
1.505350
1.542330
1.538721
1.501920
1.444973
1.370699
1.286033
1.204338
1.143928
1.078157
1.103101
1.170219
1.261135
1.355076
1.436268
1.495789
1.530618
1.525969
1.491695
1.433113
1.353052
1.260120
1.169855
1.103010
1.020344
1.048446
1.124326
1.227370
1.333538
1.423783
1.487279
1.520575
1.515001
1.482704
1.420566
1.331759
1.226715
1.124223
1.048459
0.945376
0.977098
1.063404
1.181494
1.303697
1.406910
1.477418
1.472693
1.403981
1.302432
1.181284
1.063492
0.977110
0.859388
0.893763
0.988261
1.120386
1.260021
1.379412
1.460674
1.456356
1.377238
1.259501
1.120550
0.988296
0.893592
0.780638
0.814869
0.910601
1.048820
1.200516
1.334818
1.333945
1.200943
1.049329
0.910531
0.814528
0.728125
0.759475
0.848391
0.980471
1.131616
1.133407
0.981708
0.848671
0.759307
0.708334
0.735299
0.812731
0.929466
0.932292
0.814114
0.735727
0.716363
0.738917
0.740281
0.732997
0.755753
0.755838
0.719579
0.745958
0.823316
0.941663
0.941133
0.824113
0.746830
0.737066
0.767749
0.857495
0.992869
1.148556
1.146698
0.992754
0.858699
0.768925
0.790965
0.825087
0.922949
1.065422
1.220971
1.356222
1.354210
1.219066
1.064659
0.923490
0.825931
0.873539
0.908468
1.005487
1.140842
1.281873
1.399659
1.477245
1.477353
1.398466
1.280050
1.139342
1.004948
0.908567
0.962281
0.994778
1.082863
1.202288
1.323783
1.424171
1.490883
1.491739
1.423681
1.322381
1.200659
1.081705
0.994307
1.036937
1.065662
1.142414
1.245533
1.350162
1.437590
1.497943
1.528562
1.531268
1.499142
1.437560
1.349231
1.244189
1.141237
1.065038
1.092328
1.117651
1.185105
1.275595
1.368016
1.446930
1.504127
1.537079
1.539702
1.505355
1.447080
1.367398
1.274582
1.184138
1.117093
1.132586
1.155399
1.216251
1.298097
1.382390
1.455840
1.511727
1.547453
1.549787
1.512780
1.455953
1.381880
1.297292
1.215484
1.154953
1.161912
1.183078
1.239691
1.316025
1.395083
1.465177
1.520569
1.558756
1.577982
1.581428
1.560677
1.521313
1.465097
1.394518
1.315280
1.239030
1.182699
1.182428
1.202693
1.256757
1.329672
1.405592
1.473701
1.528965
1.569068
1.591649
1.594482
1.570477
1.529297
1.473340
1.404875
1.328887
1.256121
1.202346
1.194616
1.214343
1.267051
1.338194
1.412441
1.479620
1.534883
1.576109
1.600737
1.602847
1.576913
1.534736
1.478908
1.411508
1.337309
1.266392
1.214006
1.061515
1.076742
1.118145
1.176296
1.241151
1.305548
1.366035
1.365147
1.304209
1.239730
1.175083
1.117294
1.076310
1.060501
1.075713
1.117219
1.175508
1.240486
1.304932
1.365196
1.363651
1.303108
1.238738
1.174090
1.116254
1.075240
1.060258
1.075597
1.117297
1.176000
1.241374
1.305775
1.365171
1.362883
1.303421
1.239284
1.174391
1.116252
1.075095
1.061379
1.076856
1.119031
1.178595
1.244917
1.309523
1.367617
1.364511
1.306607
1.242499
1.176841
1.117948
1.076358
1.064304
1.080026
1.123224
1.184537
1.252657
1.318089
1.374713
1.370715
1.314602
1.249948
1.182702
1.122185
1.079584
1.069018
1.085270
1.130237
1.194560
1.266033
1.333400
1.388837
1.383896
1.329357
1.263116
1.192781
1.129372
1.084968
1.074141
1.091194
1.139085
1.208284
1.285313
1.356547
1.352040
1.282361
1.206778
1.138600
1.091166
1.075154
1.093522
1.145954
1.222646
1.308469
1.386426
1.381677
1.305782
1.221741
1.146166
1.093964
1.062288
1.082719
1.142302
1.230399
1.329457
1.327459
1.230497
1.143518
1.083811
1.019773
1.044117
1.114959
1.219660
1.221005
1.117214
1.045797
0.936927
0.967277
0.968870
0.958511
0.991015
0.989313
1.048316
1.074535
1.145915
1.249456
1.246637
1.142669
1.072289
1.089142
1.110824
1.170389
1.256897
1.353116
1.352384
1.255032
1.168074
1.109174
1.097562
1.116615
1.168928
1.244347
1.327895
1.403001
1.403878
1.327661
1.243287
1.167549
1.115628
1.092218
1.109559
1.157292
1.225577
1.300964
1.370128
1.370940
1.300916
1.224953
1.156473
1.108982
1.083381
1.099699
1.144494
1.208155
1.278486
1.344413
1.398333
1.399935
1.344996
1.278395
1.207682
1.143921
1.099320
1.075442
1.091116
1.134140
1.194987
1.262335
1.326786
1.382378
1.383559
1.327057
1.262068
1.194485
1.133641
1.090812
1.069580
1.084967
1.126990
1.186244
1.252058
1.316018
1.373435
1.374159
1.315926
1.251548
1.185614
1.126456
1.084667
1.065673
1.080934
1.122523
1.181025
1.246094
1.310107
1.369096
1.369328
1.309627
1.245298
1.180219
1.121904
1.080603
1.063202
1.078365
1.119805
1.178001
1.242839
1.307110
1.367174
1.366872
1.306215
1.241741
1.176997
1.119072
1.077987
0.887290
0.901981
0.941905
0.998605
1.063077
1.129668
1.127987
1.061298
0.997059
0.940799
0.901414
0.889573
0.904283
0.944212
1.000823
1.065136
1.062853
0.998906
0.942865
0.903597
0.899280
0.913969
0.953831
1.010293
1.074225
1.071410
1.008005
0.952251
0.913172
0.915786
0.930522
0.970456
1.027059
1.090826
1.087443
1.024400
0.968664
0.929627
0.938098
0.953038
0.993640
1.051277
1.115885
1.111918
1.048274
0.991677
0.952081
0.965098
0.980579
1.022823
1.083078
1.079790
1.020762
0.979607
0.995373
1.011768
1.057027
1.054990
1.010862
1.026465
1.044239
1.043518
1.043583
1.061162
1.061209
1.010941
1.026975
1.071927
1.072185
1.027045
0.978722
0.993801
1.035692
1.095536
1.095807
1.035771
0.993810
0.949465
0.964021
1.004279
1.061558
1.125767
1.125880
1.061462
1.004144
0.963933
0.924615
0.939024
0.978666
1.034986
1.098454
1.098083
1.034524
0.978294
0.938826
0.905319
0.919779
0.959431
1.015697
1.079430
1.078592
1.014874
0.958814
0.919457
0.892649
0.907236
0.947053
1.003560
1.067776
1.066469
1.002378
0.946188
0.906792
0.744892
