324.717830
287.942600
213.171700
147.555800
103.430200
75.938260
58.773040
299.832700
267.230100
199.991600
139.854800
98.747160
72.836750
56.542820
56.523940
72.811670
98.713440
139.810000
199.938400
267.187600
243.787640
219.913250
168.955640
121.163990
87.099180
64.983130
50.817470
50.785600
64.942080
87.045620
121.094870
168.877100
219.853400
186.360040
170.357380
134.801680
99.492100
72.982780
55.117980
43.410530
43.374090
55.072270
72.925230
99.421630
134.725980
170.302560
142.180390
131.414660
106.610010
80.618280
60.095120
45.742140
36.120000
36.085280
45.699860
60.043590
80.557660
106.547990
131.371750
111.977200
104.353260
86.250640
66.395560
49.999980
38.131710
29.999150
29.969440
38.096480
49.958120
66.347530
86.203650
104.321730
92.023990
86.279860
72.307660
56.391217
42.726177
32.513260
32.485280
42.693320
56.354570
72.272720
86.257090
78.731210
74.159050
62.825030
49.507934
37.684276
28.583026
28.561360
37.659040
49.479870
62.798810
74.142340
69.607490
65.810940
56.254550
44.738067
34.217352
34.197810
44.716650
56.234770
65.798540
63.087370
59.832350
51.539760
41.336704
41.319930
51.524270
59.822860
58.232550
55.373360
55.365800
288.724100
259.766000
198.676600
142.066000
101.981110
75.961290
59.218310
59.231080
75.981670
102.013500
142.114900
198.739700
259.817800
268.176500
242.291900
187.017600
134.941400
97.522840
72.963960
57.051560
57.044880
72.958840
97.521300
134.945500
187.028000
242.302200
220.737100
201.431300
158.976100
117.284400
86.173900
65.181470
51.334090
51.313240
65.158030
86.148360
117.257640
158.951500
201.415800
171.024400
157.810540
127.725840
96.655590
72.357270
55.378500
43.925740
43.898530
55.347590
72.322650
96.618470
127.690370
157.787400
131.938430
122.882390
101.598090
78.546870
59.678660
46.029730
36.617750
36.590960
45.999790
59.645590
78.512170
101.565500
122.861470
104.764490
98.252120
82.535080
64.808013
49.698080
38.413610
30.466840
30.444050
38.388730
49.671330
64.780220
82.509930
98.236380
86.608820
81.642480
69.390450
55.097378
42.477160
32.770570
32.751710
42.457080
55.076870
69.372190
81.631410
74.431520
70.438410
60.418950
48.398572
37.457062
37.442990
48.384290
60.406190
70.430760
66.043500
62.695570
54.190910
43.750745
33.996848
33.987370
43.741020
54.182250
62.690340
60.037130
57.148250
49.725460
40.441215
40.434700
49.719770
57.144640
55.559310
53.007530
53.005130
55.503220
52.949210
52.960910
59.978900
57.086440
49.670860
40.399170
40.424549
49.693800
57.100640
65.981220
62.627780
54.129980
43.703380
33.963170
33.991759
43.734329
54.158390
62.645410
74.362170
70.360920
60.348390
48.343030
37.416700
37.451746
48.381567
60.384320
70.383690
86.528960
81.550620
69.306080
55.030280
42.427560
32.734290
32.770996
42.471309
55.079300
69.352520
81.580610
104.669480
98.139730
82.431670
64.725970
49.637220
38.368350
30.432090
30.468680
38.413240
49.691680
64.788520
82.492940
98.179950
131.823000
122.743440
101.471190
78.447980
59.605810
45.976040
36.576690
36.619180
46.029310
59.672500
78.527010
101.551500
122.798270
170.889050
157.645910
127.578250
96.544020
72.277270
55.320540
43.882270
43.927740
55.379420
72.353770
96.639180
127.680140
157.718550
220.598810
201.263250
158.830200
117.178230
86.100440
65.129550
51.296000
51.338460
65.186700
86.177920
117.279820
158.945740
201.349580
268.080910
242.176070
186.921000
134.873520
97.477000
72.932240
57.028770
57.059820
72.976230
97.539760
134.960520
187.025960
242.259010
215.307840
200.151870
165.178270
128.005340
97.823260
75.868380
60.461450
60.486670
75.906790
97.880360
128.082700
165.266830
200.216700
202.226300
188.459600
156.431090
121.996260
93.727530
72.973600
58.315540
58.321390
72.987400
93.753030
122.035730
156.478800
188.496000
170.970200
160.289300
134.950790
106.911080
83.221740
65.421250
52.636560
52.627180
65.415390
83.222240
106.919690
134.965510
160.302390
136.509900
128.853400
110.259400
88.943240
70.278720
55.837110
45.244420
45.227120
55.821430
70.266510
88.936080
110.257560
128.854550
108.009070
102.532770
88.944100
72.834530
58.235900
46.612050
37.909940
37.891370
46.594730
58.220990
72.823890
88.937890
102.530550
87.390180
83.303290
72.979750
60.387827
48.627760
39.021960
39.007500
48.615680
60.379000
72.974730
83.301050
73.244550
70.028360
61.779250
51.473759
41.597299
33.342660
33.332790
41.589600
51.468700
61.776390
70.027360
63.614970
60.958930
54.064860
45.279739
36.668828
36.665320
45.278260
54.064570
60.959350
56.937240
54.659120
48.697440
40.973361
40.974510
48.699230
54.660370
52.145030
50.141500
44.856120
44.859230
50.143560
52.050780
50.047760
44.776000
44.802327
50.063420
56.838090
54.559110
48.611420
40.907930
40.944163
48.643010
54.578040
63.507050
60.848670
53.968880
45.205990
36.616450
36.658208
45.249849
54.007670
60.872300
73.123360
69.902260
61.668350
51.387630
41.534880
33.298310
33.342212
41.585637
51.441884
61.717360
69.932130
87.249710
83.155060
72.849340
60.285700
48.552710
38.967600
39.020390
48.614860
60.353600
72.912050
83.194480
107.845010
102.358140
88.790180
72.715070
58.148170
46.548330
37.862420
37.912170
46.610410
58.223380
72.799990
88.870920
102.410110
136.326330
128.656250
110.087960
88.812370
70.184320
55.769030
45.194210
45.248010
55.838350
70.271600
88.914750
110.189590
128.723500
170.792220
160.098200
134.787580
106.790020
83.136010
65.360690
52.592600
52.644850
65.430770
83.228000
106.902660
134.904970
160.179030
202.109400
188.334380
156.326110
121.920040
93.674890
72.937030
58.289330
58.331830
72.996580
93.756930
122.025990
156.441460
188.416250
149.877950
143.993020
128.864940
109.701500
90.910110
74.734530
61.735320
61.772090
74.786510
90.979180
109.783990
128.945260
144.045000
142.276650
136.860290
122.859970
104.996260
87.338040
72.022430
59.640310
59.658000
72.051730
87.380690
105.050100
122.914320
136.895870
123.466330
119.122890
107.761170
92.989910
78.081280
64.899740
54.073090
54.075180
64.909470
78.100770
93.018050
107.791570
119.142930
101.576910
98.338900
89.746820
78.319210
66.483400
55.761780
55.760110
66.488910
78.331520
89.762230
98.349440
82.437310
80.030040
73.565130
64.786790
55.475880
46.846260
46.840810
55.476160
64.792690
73.573760
80.036550
67.955070
66.090220
61.034970
54.061180
46.523190
39.404600
39.400120
46.523550
54.066140
61.041860
66.095330
57.726930
56.203870
52.043120
46.234830
39.865103
39.867770
46.241010
52.050330
56.208790
50.666570
49.362640
45.782390
40.738390
35.141555
35.146830
40.746150
45.790380
49.367730
45.760200
44.603250
41.421970
36.906140
36.915340
41.430660
44.608500
42.256680
41.209740
41.215110
42.153240
41.108010
41.122600
45.654240
44.497880
41.329600
36.833040
36.869823
41.359365
44.514980
50.554370
49.249860
45.682060
40.657860
35.081730
35.126206
40.701297
45.717855
49.270300
57.604270
56.078880
51.930830
46.143240
39.795320
39.848247
46.195557
51.974550
56.104300
67.817910
65.948840
60.906510
53.955280
46.441090
39.343040
39.400230
46.504730
54.019290
60.960960
65.980690
82.283790
79.870110
73.419170
64.666030
55.382060
46.775180
46.842120
55.458060
64.745020
73.487460
79.910660
101.413590
98.167360
89.590870
78.190900
66.384190
55.687150
55.762080
66.472290
78.284800
89.674460
98.218080
123.316380
118.965130
107.618680
92.874220
77.993030
64.833980
54.024190
54.084690
64.911510
78.087270
92.978410
107.714680
119.024760
142.182500
136.761320
122.771270
104.925210
87.284600
71.983190
59.611260
59.663600
72.053010
87.373160
105.026560
122.867240
136.822310
105.112910
103.489870
98.729440
91.229890
81.881430
71.852720
71.911350
81.950700
91.302020
98.790880
103.525650
100.549620
99.060180
94.661880
87.675610
78.894340
69.398750
69.438050
78.943210
87.728310
94.707780
99.087290
88.929240
87.749280
84.209590
78.462160
71.068420
62.904930
62.926410
71.097980
78.495800
84.240140
87.767470
74.775530
73.917420
71.290270
66.898920
61.074570
54.465790
54.475680
61.091280
66.919630
71.309910
73.929320
61.778640
61.157960
59.222650
55.902470
51.374050
46.099180
46.103780
51.384620
55.916810
59.236650
61.166590
51.533250
51.055520
49.553630
46.938720
43.307700
43.316850
46.951050
49.565520
51.062840
44.102640
43.702450
42.446890
40.256890
37.193320
37.203290
40.269150
42.458300
43.709390
38.918010
38.559110
37.441540
35.504450
35.517450
37.453050
38.565930
35.330040
34.993030
34.999770
35.235250
34.898990
34.912810
38.820230
38.461000
37.350920
35.427000
35.465642
37.380530
38.477103
43.998690
43.596760
42.347810
40.170390
37.122480
37.172424
40.216025
42.382974
43.615942
51.420420
50.939290
49.443320
46.840870
43.225930
43.285196
46.895648
49.485776
50.962640
61.656700
61.031050
59.100930
55.793520
51.282350
46.024990
46.091630
51.352250
55.859400
59.152870
61.059910
74.651210
73.787060
71.164610
66.786300
60.979980
54.389330
54.464020
61.060280
66.863530
71.226580
73.821710
88.820140
87.634150
84.099020
78.363460
70.986010
62.838950
62.916870
71.072170
78.448590
84.169040
87.674000
100.483600
98.990450
94.594990
87.616130
78.844910
69.359600
69.432540
78.928380
87.700470
94.665120
99.031040
76.752450
76.729060
76.360290
74.927920
71.859680
67.106000
67.164410
71.921370
74.984710
76.404040
76.752700
73.786590
73.795880
73.522890
72.259870
69.430290
69.477310
72.304190
73.557480
73.814740
66.069070
66.148500
66.098480
65.240640
62.995110
63.027380
65.271960
66.123390
66.162350
56.318860
56.464520
56.636140
56.209420
54.620200
54.641810
56.231520
56.653940
56.474520
46.987670
47.169160
47.480040
47.366170
46.302280
46.318010
47.382960
47.493950
47.177160
39.355130
39.541650
39.901790
39.954440
39.969130
39.914090
39.548620
33.672340
33.845380
34.194450
34.206390
33.852030
29.660550
29.812020
29.818730
29.582392
29.733281
29.745214
33.590724
33.761991
34.113188
34.139707
33.775921
39.268249
39.451959
39.812920
39.870250
39.913606
39.844288
39.468270
46.896258
47.073747
47.384420
47.274700
46.218800
46.278200
47.325756
47.421747
47.093434
56.228313
56.369270
56.540280
56.117120
54.536000
54.603350
56.176320
56.583833
56.392356
65.992170
66.067180
66.016400
65.161610
62.923220
62.995750
65.226150
66.064560
66.093019
73.741470
73.747840
73.474490
72.213420
69.387840
69.459040
72.277620
73.523140
73.773910
58.807295
59.269566
60.417450
61.588790
61.631120
60.447760
59.285060
56.718040
57.184140
58.346610
59.557180
59.591580
58.371420
57.196930
51.187420
51.657920
52.846120
54.142750
54.168770
52.865210
51.667860
43.990450
44.457610
45.652620
47.021210
47.040820
45.667150
44.465190
36.855690
37.306210
38.472210
38.484050
37.312510
30.816640
31.239820
31.245630
30.750649
31.171542
31.182848
36.787285
37.234680
38.398593
38.424586
37.247935
43.924232
44.387989
45.580225
46.948080
46.991148
45.610105
44.403125
51.132436
51.599899
52.785817
54.081590
54.128340
52.818506
51.616583
56.686139
57.150344
58.311530
59.521550
59.568430
58.344580
57.167252
47.162422
47.690921
47.701185
45.587549
46.113767
46.122588
41.362820
41.322267
45.564485
46.089359
46.100406
47.734490
40.360480
35.227710
31.493590
28.643730
26.359400
24.437410
46.022110
38.979880
34.074670
30.507120
27.784480
25.600900
23.760450
23.757980
25.597200
27.779250
30.500110
34.065600
38.968310
46.007400
41.578160
35.368260
31.042520
27.902740
25.512070
23.594540
21.971460
21.966820
23.587600
25.502600
27.890250
31.026570
35.348220
41.552950
35.686130
30.479050
26.863430
24.257870
22.288820
20.715260
19.377270
19.371010
20.706160
22.276600
24.242130
26.843850
30.454960
35.656530
29.705430
25.379960
22.400180
20.282600
18.708190
17.464257
16.405275
16.397920
17.453990
18.694820
20.265900
22.380000
25.355750
29.676570
24.520920
20.825810
18.304038
16.543853
15.265486
14.276070
13.437854
13.430008
14.265359
15.252180
16.527900
18.285320
20.804020
24.495630
25.356431
20.472256
17.163180
14.914371
13.366286
12.266842
11.436253
11.425837
12.254379
13.351921
14.898155
17.144900
20.451510
25.332530
22.056839
17.528897
14.428488
12.311472
10.857808
9.836553
9.077492
9.067735
9.825352
10.845492
12.298089
14.413848
17.512620
22.038200
25.901043
19.801937
15.491546
12.494812
10.422645
8.985964
7.971588
7.217905
7.208989
7.961790
8.975703
10.411971
12.483473
15.479033
19.787650
25.884290
31.790276
24.067204
18.284586
14.122250
11.178488
9.108228
7.647352
6.597619
5.805428
5.797520
6.589235
7.639011
9.099921
11.169878
14.112823
18.273731
24.054360
31.775100
48.017510
38.813766
30.030552
22.783453
17.257995
13.213821
10.306014
8.224015
6.724016
5.618914
5.611845
6.717399
8.217714
10.299634
13.206827
17.249810
22.773460
30.018600
38.800580
48.005370
54.470230
51.910230
45.272400
36.853474
28.688220
21.840690
16.539897
12.604041
9.732639
7.642566
6.104973
4.939817
4.933922
6.099758
7.637914
9.728071
12.598970
16.533710
21.832960
28.678870
36.843000
45.262870
51.904150
51.449080
49.120050
43.043906
35.254144
27.601023
21.098773
16.003236
12.175209
9.348754
7.262124
5.697713
5.693651
7.258796
9.345632
12.171739
15.998860
21.093100
27.593680
35.245810
43.036060
49.115290
48.950160
46.800660
41.166499
33.885096
26.661407
20.463230
15.560324
11.844068
9.074264
7.006059
5.429777
5.426652
7.003898
9.072554
11.842200
15.557795
20.459500
26.656150
33.878670
41.160180
46.796500
46.831610
44.817990
39.526264
32.651585
25.789709
19.863693
15.147240
11.550154
8.851038
6.817949
6.817012
8.850855
11.550201
15.146990
19.862406
25.786850
32.647110
39.521180
44.814470
44.999250
43.079860
38.033323
31.471496
24.912525
19.236896
14.707781
11.242907
8.632939
8.635053
11.245898
14.710930
19.239398
24.913110
31.469600
38.029470
43.076670
43.389660
41.509780
36.590793
30.241028
23.935563
18.503722
14.178146
10.869755
8.375667
8.381634
10.877702
14.187263
18.512621
23.942280
30.243540
36.588950
41.506940
41.958530
40.016590
35.031900
28.771515
22.698242
17.542853
13.467333
10.359893
10.376642
13.486836
17.563520
22.716720
28.783430
35.034680
40.014170
40.668390
38.371950
32.915300
26.646870
20.910467
16.172647
16.213495
20.951910
26.681100
32.932190
38.371890
39.449920
35.377880
28.805640
23.076790
18.272741
18.343330
23.152870
28.869860
35.398580
48.219070
40.763210
35.525770
31.698990
28.777700
26.442400
24.487180
24.486040
26.442010
28.778120
31.700440
35.528660
40.768140
48.227020
46.554280
39.424180
34.411760
30.750120
27.956210
25.721720
23.847870
23.844230
25.717520
27.951230
30.744530
34.405360
39.417250
46.547150
42.104690
35.805930
31.374760
28.142910
25.681980
23.714140
22.058060
22.052290
23.706700
25.672640
28.131470
31.361180
35.789980
42.086320
36.199660
30.905590
27.188520
24.493770
22.456100
20.833200
19.462690
19.455280
20.823470
22.443910
24.478890
27.170880
30.885010
36.175940
30.198330
25.791950
22.716710
20.514080
18.873160
17.580760
16.489302
16.480880
17.569840
18.859720
20.498130
22.698170
25.770800
30.174440
24.988060
21.221570
18.611830
16.771194
15.428368
14.391369
13.521198
13.512425
14.380187
15.415104
16.755910
18.594680
21.202560
24.967200
25.788760
20.912750
17.543115
15.214656
13.590770
12.429067
11.551608
11.540897
12.416815
13.577232
15.200035
17.527570
20.896210
25.771110
28.809463
22.453544
17.943949
14.794040
12.605521
11.080661
9.999114
9.193479
9.183645
9.988325
11.069362
12.593940
14.782200
17.931770
22.440880
28.796030
26.095979
20.165457
15.882969
12.847066
10.710835
9.207321
8.134332
7.333986
7.325329
8.125269
9.198393
10.702192
12.838679
15.874679
20.156940
26.087030
31.574649
24.236896
18.621031
14.494561
11.520698
9.393085
7.869319
6.762242
5.922876
5.915575
6.754907
7.862616
9.387132
11.515305
14.489411
18.615840
24.231340
31.568570
46.392210
37.989880
29.818763
22.932203
17.571519
13.569594
10.639322
8.506183
6.946836
5.785460
5.779806
6.942158
8.502503
10.636367
13.566968
17.568893
22.929210
29.815220
37.986020
46.388580
52.085000
49.789370
43.795850
36.088344
28.481008
21.972626
16.833878
12.945349
10.058069
7.922195
6.328598
5.108083
5.103962
6.325655
7.920390
10.057048
12.944697
16.833274
21.971700
28.479500
36.086210
43.793710
49.788080
49.291060
47.194240
41.688360
34.539025
27.398908
21.217151
16.280285
12.503308
9.666513
7.538936
5.921589
5.920079
7.538683
9.667098
12.504351
16.281374
21.217890
27.399040
34.538280
41.687220
47.193390
46.976160
45.033690
39.912110
33.213611
26.465402
20.570389
15.822335
12.159598
9.383885
7.279000
5.652735
5.652402
7.280081
9.385923
12.162184
15.825081
20.572780
26.467040
33.214210
39.911850
45.033100
45.009580
43.184430
38.359190
32.020557
25.601124
19.961897
15.395422
11.852879
9.151513
7.085531
7.087927
9.155078
11.857341
15.400224
19.966520
25.604780
32.022620
38.359640
43.184120
43.306680
41.560650
36.944470
30.879271
24.733572
19.327941
14.942722
11.532492
8.922881
8.928631
11.539649
14.950733
19.335840
24.740190
30.883480
36.945740
41.560450
41.810060
40.092570
35.576380
29.689908
23.769357
18.590040
14.399526
11.144059
8.652556
8.661963
11.155895
14.413021
18.603950
23.781540
29.698020
35.579420
40.092710
40.480790
38.696150
34.096790
28.269730
22.550011
17.624537
13.672621
10.614752
10.635054
13.696148
17.649620
22.573390
28.286760
34.104290
38.696780
39.289540
37.160690
32.086050
26.212760
20.786290
16.245762
16.290250
20.831730
26.251120
32.107540
37.164190
38.196700
34.369940
28.162080
22.733650
22.812910
28.230200
34.395840
37.951640
34.139270
28.032250
22.685820
22.617370
27.976390
34.125880
39.155730
37.029330
31.986380
26.157980
20.768260
16.251009
16.216454
20.733838
26.131170
31.975769
37.033060
40.383520
38.600490
34.018240
28.218430
22.524970
17.618764
13.678752
10.627088
10.615399
13.665008
17.604575
22.513383
28.213096
34.020752
38.605730
41.730710
40.014640
35.510630
29.643570
23.742930
18.579214
14.399035
11.149333
8.660034
8.658619
11.146666
14.395904
18.576844
23.742978
29.647448
35.517314
40.020180
43.237650
41.492620
36.886730
30.837310
24.707700
19.315269
14.939187
11.534261
8.927033
8.929568
11.536637
14.942035
19.319344
24.713801
30.845486
36.895387
41.498430
44.947100
43.122470
38.306360
31.981520
25.576280
19.948822
15.390491
11.852922
9.153889
7.088218
7.093111
9.158692
11.858229
15.396806
19.956666
25.586020
31.992484
38.316628
43.128970
46.917690
44.975440
39.862170
33.176470
26.441330
20.557085
15.816651
12.158524
9.385059
7.280535
5.653013
5.659279
7.286538
9.391407
12.165777
15.825286
20.567519
26.453601
33.189666
39.873977
44.982480
49.234800
47.137750
41.639670
34.502520
27.375070
21.203526
16.273842
12.501186
9.666483
7.539215
5.920701
5.927700
7.546221
9.674051
12.509929
16.284287
21.216056
27.389698
34.517896
41.653271
47.145810
52.029640
49.732990
43.746810
36.051540
28.456490
21.958090
16.826293
12.941831
10.056499
7.920881
6.326198
5.103866
5.111626
6.334051
7.928993
10.065358
12.952068
16.838528
21.972801
28.473578
36.069411
43.762760
49.742680
46.341380
37.951310
29.792610
22.916020
17.562116
13.564154
10.635698
8.502771
6.942470
5.779468
5.788088
6.951428
8.512231
10.646137
13.576186
17.576441
22.933216
29.812551
37.972472
46.360120
31.545570
24.218000
18.608915
14.486368
11.514331
9.387028
7.862550
6.754249
5.913971
5.922378
6.763841
7.872860
9.398170
11.526721
14.500644
18.625868
24.238285
31.569246
26.072950
20.149490
15.871089
12.837177
10.701570
9.197812
8.124156
7.323362
7.332492
8.134813
9.209713
10.714826
12.852141
15.888319
20.169869
26.097385
28.780690
22.432400
17.927371
14.779952
12.592623
11.068199
9.986765
9.181344
9.191021
9.998531
11.081853
12.608238
14.797927
17.948303
22.457256
28.810396
25.761140
20.890610
17.524330
15.197910
13.575389
12.414741
11.538278
11.548324
12.427534
13.590815
15.216160
17.545779
20.915983
25.791511
24.960120
21.198220
18.591630
16.753420
15.412590
14.377453
13.509238
13.516013
14.387583
15.426068
16.770325
18.612301
21.223143
24.990280
30.165780
25.765270
22.694290
20.495070
18.856980
17.567100
16.478000
16.484133
17.576783
18.870460
20.512650
22.716500
25.792790
30.199790
36.165850
30.878520
27.166430
24.475600
22.441210
20.821030
19.452940
19.457970
20.829500
22.453560
24.492340
27.188200
30.906360
36.201290
42.075720
35.783170
31.356650
28.128350
25.670290
23.704890
22.050860
22.054230
23.711270
25.680050
28.142020
31.375060
35.807430
42.107620
46.537170
39.410980
34.401420
30.741970
27.949690
25.716680
23.843990
23.845300
25.719960
27.955320
30.750320
34.413190
39.427170
46.559470
49.680080
42.043480
36.525300
32.433680
29.300610
26.812240
24.753790
24.751740
26.811670
29.301710
32.436900
36.531380
42.053580
49.696270
48.013770
40.698790
35.406420
31.481460
28.476940
26.089870
24.113440
24.108960
26.085460
28.472640
31.477320
35.403080
40.696880
48.014690
43.552660
37.062000
32.354630
28.863910
26.195870
24.077330
22.319880
22.313200
24.069570
26.186910
28.853750
32.343620
37.050400
43.541520
37.617200
32.130500
28.146320
25.200840
22.961170
21.190240
19.719680
19.711460
21.180120
22.949140
25.186930
28.130800
32.113650
37.599600
31.564940
26.976540
23.649270
21.206950
19.370090
17.932590
16.742392
16.733190
17.921250
19.356740
21.191720
23.632430
26.958460
31.546220
31.694490
26.289200
22.361470
19.519360
17.452033
15.920187
14.740633
14.729162
15.906973
17.437440
19.503660
22.345130
26.272760
31.678680
26.931720
22.143120
18.639080
16.100207
14.263447
12.919296
11.901323
11.890478
12.907245
14.250633
16.086995
18.625990
22.130610
26.920260
29.318825
23.508512
19.106358
15.849942
13.473239
11.749125
10.491143
9.546193
9.536554
10.480796
11.738704
13.463178
15.840588
19.098030
23.501470
29.313450
33.254419
26.539253
21.138839
16.984374
13.868281
11.564856
9.874695
8.630731
7.691390
7.683244
8.622391
9.866903
11.557944
13.862463
16.979811
21.135660
26.537600
33.254240
37.913305
30.859780
24.620826
19.523422
15.542871
12.512393
10.236668
8.538016
7.264535
7.258308
8.532767
10.232656
12.509693
15.541477
19.523340
24.622020
30.862140
37.916520
48.570110
46.772070
41.998040
35.656459
29.125383
23.266562
18.413499
14.572109
11.605531
9.341424
7.617929
6.293975
6.289840
7.614990
9.339925
11.605385
14.573216
18.415785
23.269930
29.129580
35.660990
42.002080
46.774380
45.793220
44.153840
39.778480
33.913942
27.807620
22.266418
17.624059
13.907267
11.001089
8.749452
7.001559
5.621908
5.619700
7.000678
8.750025
11.002977
13.910371
17.628165
22.271360
27.813110
33.919360
39.783040
44.156410
43.554630
42.039130
37.979130
32.499677
26.745625
21.477646
17.025307
13.428138
10.586616
8.356818
6.594431
6.595260
8.359098
10.590143
13.432769
17.030860
21.483970
26.752180
32.505740
37.983990
42.041840
41.691780
40.273130
36.461280
31.292414
25.832768
20.803671
16.526824
13.048659
10.279978
8.084655
6.321605
6.323856
8.088331
10.284880
13.054658
16.533770
20.811210
25.840310
31.299100
36.466330
40.275810
40.102350
38.755480
35.131380
30.206766
24.991430
20.172983
16.061993
12.706001
10.020700
7.874565
7.879511
10.027064
12.713587
16.070564
20.182130
25.000250
30.214170
35.136650
38.758180
38.719250
37.416370
33.915470
29.167990
24.150731
19.521213
15.573064
12.347617
9.760951
9.769170
12.357502
15.584322
19.533040
24.161810
29.176870
33.921240
37.418930
37.498590
36.200120
32.734870
28.084460
23.221110
18.769545
14.992540
11.916406
11.930421
15.008601
18.786500
23.236770
28.096540
32.741900
36.202820
36.412550
35.038050
31.451010
26.789100
22.048700
17.792316
14.221414
14.246616
17.819270
22.074290
26.808830
31.461780
35.041240
35.443120
33.753610
29.692840
24.902340
20.345230
16.390057
16.435330
20.391100
24.941500
29.716320
33.759960
34.580590
31.393300
26.198890
21.649200
21.726890
26.265560
31.421850
34.123490
30.950190
25.898590
21.485630
21.428470
25.854720
30.944696
35.196330
33.511630
29.492650
24.766310
20.268620
16.357209
16.331388
20.243651
24.748791
29.488924
33.518476
36.235060
34.865250
31.303310
26.680800
21.981130
17.758040
14.210821
14.204647
17.752068
21.977744
26.682638
31.310572
34.872669
37.355440
36.061370
32.615840
27.994950
23.162590
18.737465
14.979671
11.916030
11.919914
14.983789
18.742706
23.169972
28.004760
32.626566
36.068900
38.596420
37.297460
33.813700
29.091000
24.099620
19.492167
15.560392
12.345622
9.764823
9.772891
12.354353
15.570181
19.503451
24.112444
29.104718
33.826186
37.305140
39.992490
38.649330
35.040730
30.138270
24.945900
20.146933
16.050300
12.703704
10.023580
7.879249
7.888644
10.033830
12.715222
16.063344
20.161681
24.962091
30.154466
35.054560
38.657400
41.590480
40.175100
36.377910
31.229780
25.791310
20.780053
16.516146
13.046374
10.282225
8.088413
6.324368
6.334057
8.098826
10.293843
13.059603
16.531306
20.797185
25.809923
31.248121
36.393200
40.183940
43.458770
41.946010
37.900180
32.440670
26.706700
21.455442
17.015067
13.425546
10.588064
8.359413
6.595866
6.606170
8.370636
10.600745
13.440127
17.031941
21.474635
26.727524
32.461152
37.917324
41.955970
45.700300
44.063100
39.701600
33.856580
27.769780
22.244433
17.613440
13.903733
11.001086
8.750314
7.001212
5.619075
5.628933
7.012132
8.762408
11.014830
13.919701
17.632057
22.265718
27.793021
33.879729
39.720978
44.074390
48.477700
46.681110
41.920810
35.598820
29.086990
23.243700
18.401463
14.566685
11.603324
9.339906
7.615158
6.288857
6.299312
7.626909
9.353063
11.618400
14.584271
18.422048
23.267457
29.113233
35.625126
41.943317
46.694220
37.853110
30.819040
24.595520
19.508753
15.534482
12.507037
10.231960
8.532267
7.256758
7.267887
8.545022
10.246477
12.523805
15.554109
19.531917
24.622522
30.849088
37.883715
33.209100
26.509710
21.119960
16.971784
13.858782
11.556212
9.865479
8.620055
7.679302
7.688842
8.631941
9.879479
11.572508
13.877836
16.994208
21.146524
26.540901
33.244261
29.282970
23.483770
19.088300
15.835411
13.460133
11.736137
10.477586
9.531966
9.541731
10.490227
11.751596
13.478573
15.857283
19.114367
23.514832
29.319729
26.899620
22.118590
18.618850
16.082370
14.246760
12.903073
11.885367
11.895302
12.916513
14.263751
16.103160
18.644053
22.149008
26.936342
31.654150
26.257840
22.335750
19.497260
17.432240
15.901970
14.723720
14.733533
15.915916
17.450552
19.520380
22.364425
26.293155
31.697490
31.528080
26.946760
23.624320
21.185410
19.351230
17.915840
16.727480
16.732557
17.925160
19.365090
21.204380
23.648980
26.978130
31.567680
37.578820
32.100110
28.121510
25.180080
22.943570
21.175220
19.706810
19.710760
21.183350
22.956460
25.198310
28.145940
32.132190
37.620360
43.519570
37.036250
32.334090
28.847180
26.182080
24.065830
22.310300
22.312670
24.071930
26.192390
28.862520
32.355470
37.065260
43.558490
47.994390
40.683870
35.394710
31.472020
28.469310
26.083630
24.108270
24.108630
26.086690
28.475590
31.482120
35.409700
40.705220
48.024470
51.653540
43.961530
38.117050
33.652640
30.193620
27.454850
25.220050
25.217580
27.454490
30.195850
33.658130
38.127010
43.977680
51.678370
49.993630
42.611080
36.990890
32.694710
29.366190
26.729440
24.577470
24.572650
26.725270
29.362840
32.692710
36.991180
42.614950
50.003170
45.537890
38.953390
33.917480
30.060720
27.073180
24.708520
22.777270
22.770180
24.700840
27.065030
30.052350
33.909520
38.947030
45.534690
46.777080
39.586860
33.983880
29.676670
26.375060
23.823440
21.810830
20.169220
20.160540
21.800670
23.811960
26.362530
29.663720
33.971360
39.576100
46.769890
39.473770
33.486500
28.776740
25.141050
22.357520
20.218530
18.544610
18.533300
20.205560
22.343350
25.126310
28.762240
33.473520
39.463770
33.222050
28.135340
24.099220
20.972040
18.582310
16.759557
15.348844
15.337381
16.746685
18.568580
20.958120
24.085940
28.123780
33.213320
33.758320
28.379200
23.899860
20.312420
17.517102
15.378983
13.755663
12.510880
12.500227
13.744032
15.367007
17.505545
20.302039
23.891540
28.373870
33.756790
29.707076
24.858675
20.772180
17.463007
14.860045
12.855707
11.329807
10.161908
10.152749
11.320147
12.846274
14.851598
17.456147
20.767618
24.857060
29.708930
31.845947
26.877717
22.392695
18.566103
15.427854
12.927513
10.977542
9.475961
8.316071
8.308793
9.468613
10.970969
12.922274
15.424497
18.565085
22.394450
26.882480
31.853450
38.319910
34.192700
29.529629
24.907407
20.690425
17.050251
14.025821
11.580208
9.640623
8.118742
8.113881
9.636828
11.578027
14.025576
17.052269
20.695030
24.914450
29.538870
34.202880
38.328900
39.662160
38.698920
36.032930
32.206760
27.854853
23.507353
19.505135
16.014409
13.078513
10.668716
8.721536
7.157568
7.155247
8.720367
10.669153
13.080818
16.018774
19.511720
23.516020
27.865140
32.217450
36.042130
38.704220
37.658850
36.761390
34.271940
30.686450
26.588111
22.469240
18.650755
15.291947
12.436744
10.060854
8.105159
8.106328
10.063465
12.441014
15.298087
18.658785
22.478990
26.599060
30.697360
34.280950
36.766600
36.047950
35.202060
32.852670
29.461210
25.572879
21.649902
17.994996
14.759601
11.985868
9.650217
7.694068
7.697169
9.654525
11.991632
14.766979
18.004054
21.660390
25.584260
29.472110
32.861540
35.207110
34.706390
33.899260
31.657830
28.420380
24.705133
20.951292
17.445018
14.328947
11.640919
9.355295
9.360917
11.647801
14.337290
17.454861
20.962440
24.716750
28.431300
31.666440
33.904060
33.556680
32.776050
30.609220
27.485970
23.909791
20.301508
16.933112
13.935379
11.339553
9.115666
9.122348
11.347400
13.944710
16.943975
20.313530
23.921950
27.497020
30.617580
32.780600
32.551610
31.779920
29.646940
26.592590
23.119520
19.636771
16.399440
13.523849
11.031988
11.041098
13.534726
16.412102
19.650450
23.133060
26.604340
29.655470
31.784170
31.660190
30.870080
28.707650
25.660150
22.251400
18.878754
15.774164
13.033498
13.047433
15.790400
18.896310
22.268260
25.673980
28.716800
30.874300
30.865270
29.995310
27.679250
24.542170
21.160110
17.900199
14.950228
14.974150
17.926110
21.184990
24.562040
27.691340
29.999930
30.160600
29.022920
26.254280
22.899850
19.560700
16.484630
16.527090
19.603350
22.936130
26.276860
29.030460
29.561680
27.197980
23.341760
23.402160
27.225530
28.945400
26.605200
22.914350
22.884048
26.606874
29.832980
28.702640
25.979970
22.697760
19.430140
16.411755
16.396873
19.416693
22.690581
25.983291
28.711675
30.633440
29.769910
27.481700
24.388200
21.053860
17.836075
14.918691
14.921998
17.839835
21.059457
24.397188
27.492998
29.778649
31.476610
30.692270
28.551400
25.536740
22.164055
18.824148
15.745392
13.023167
13.034944
15.757988
18.837631
22.178632
25.551806
28.565053
30.700608
32.397110
31.630430
29.516210
26.489200
23.046042
19.590327
16.374713
13.514386
11.032075
11.046586
13.530453
16.392093
19.608854
23.064983
26.507253
29.530930
31.638901
33.421320
32.645330
30.495270
27.396370
23.846353
20.261829
16.912154
13.927643
11.339914
9.119968
9.134338
11.356241
13.945894
16.932182
20.283100
23.867870
27.416276
30.510977
32.654109
34.584270
33.781360
31.555510
28.340450
24.649093
20.916643
17.427084
14.322718
11.641692
9.359191
9.374451
11.659073
14.342312
17.448801
20.939811
24.672485
28.361949
31.572304
33.790760
35.934890
35.092750
32.758160
29.387820
25.521870
21.618632
17.979101
14.754154
11.986528
9.653328
7.696687
7.710561
9.669167
12.004671
14.774796
18.002126
21.643472
25.547109
29.411114
32.776417
35.102900
37.551740
36.657510
34.182260
30.617020
26.539990
22.439732
18.635510
15.286244
12.436374
10.062427
8.105913
8.120236
10.078862
12.455309
15.307957
18.659987
22.466354
26.567366
30.642429
34.202405
36.668800
39.558270
38.597600
35.945270
32.138780
27.807470
23.477812
19.488999
16.007113
13.076011
10.667761
8.719625
7.153111
7.165747
8.734495
10.685000
13.095994
16.030218
19.515278
23.506687
27.837425
32.167024
35.967762
38.610270
38.231430
34.123630
29.480850
24.875850
20.671845
17.039986
14.019968
11.575741
9.635277
8.111110
8.124136
9.650893
11.594124
14.041471
17.064957
20.700545
24.907810
29.514237
34.155572
38.257119
31.793060
26.842110
22.369700
18.551254
15.417426
12.918590
10.968154
9.464855
8.302935
8.313219
9.478331
10.984724
12.938437
15.440921
18.578895
22.401699
26.877988
31.831164
29.664870
24.829410
20.751320
17.446873
14.845953
12.841863
11.315106
10.146063
10.156332
11.329127
12.859620
14.867686
17.473044
20.782409
24.865769
29.706242
33.707180
28.341910
23.871750
20.289920
17.497600
15.360730
13.737672
12.492770
12.502982
13.752219
15.379786
17.521535
20.319253
23.907210
28.383911
33.755567
33.175820
28.099680
24.070460
20.947540
18.560290
16.739120
15.329350
15.339315
16.754022
18.580574
20.973658
24.103244
28.140131
33.224630
39.420030
33.444840
28.743350
25.113270
22.333450
20.197130
18.525230
18.534580
20.211950
22.354340
25.141000
28.779080
33.489900
39.475720
46.720820
39.543700
33.949810
29.648860
26.351690
23.803380
21.793270
20.153680
20.156940
21.801540
23.817210
26.371940
29.676610
33.986560
39.591330
46.781430
45.500860
38.924560
33.894450
30.041890
27.057380
24.695000
22.765660
22.767470
24.701320
27.068850
30.059430
33.919430
38.958780
45.546770
49.971900
42.594410
36.977710
32.684040
29.357430
26.722070
24.571260
24.571090
26.725450
29.364860
32.696490
36.996570
42.621430
50.010000
62.176790
53.520010
46.172140
40.150260
35.317580
31.470660
28.401480
28.402110
31.474730
35.326230
40.164760
46.194640
53.552750
62.222230
60.177660
51.885630
44.821660
39.017520
34.352280
30.637450
27.671980
27.668510
30.635820
34.353160
39.022180
44.832040
51.903800
60.205750
54.838600
47.485740
41.157870
35.922510
31.697880
28.328650
25.639070
25.632080
28.321840
31.691950
35.918600
41.157530
47.490900
54.851290
47.782990
41.578780
36.166060
31.647140
27.983220
25.058200
22.726850
22.717220
25.047850
27.972760
31.637600
36.158800
41.575610
47.785720
40.642480
35.481690
30.915610
27.068050
23.934680
21.434100
19.449050
19.438150
21.422000
23.922170
27.056120
30.905530
35.475110
40.640990
38.996330
34.454620
30.089660
26.177920
22.851930
20.131300
17.961457
16.248001
16.237009
17.949368
20.118980
22.840340
26.168350
30.083470
34.453090
39.000290
33.519130
29.599140
25.782680
22.321840
19.350830
16.905326
14.950481
13.411652
13.401633
14.939714
16.894683
19.341367
22.314663
25.778961
29.599820
33.524720
32.797560
29.535839
26.025990
22.572170
19.403640
16.653042
14.366650
12.525909
11.071927
11.063703
12.517271
14.358607
16.646544
19.399659
22.571611
26.029589
29.543700
32.808990
33.958060
32.180340
29.708870
26.724430
23.493526
20.284470
17.306210
14.687100
12.480310
10.680123
10.674115
12.475245
14.683787
17.305488
20.287044
23.499875
26.734410
29.721700
32.193980
33.969720
32.806870
32.485440
31.505970
29.838700
27.532920
24.749738
21.723131
18.692104
15.847265
13.310467
11.137967
9.332907
9.329815
11.135885
13.310239
15.849459
18.697325
21.731687
24.761390
27.546700
29.852770
31.517670
32.492170
30.976030
30.666260
29.727550
28.143560
25.965430
23.339915
20.476080
17.588066
14.849161
12.373036
10.215103
8.382317
8.382263
10.215890
12.375420
14.853694
17.595271
20.486234
23.352620
25.979720
28.157710
29.739100
30.672760
29.590630
29.289600
28.382100
26.863360
24.788030
22.292982
19.567398
16.804265
14.160293
11.739552
9.592736
9.596073
11.744028
14.166578
16.812815
19.578421
22.306200
24.802410
26.877290
28.393200
29.295850
28.493380
28.198100
27.312840
25.844180
23.852170
21.467487
18.863453
16.215017
13.662921
11.300218
9.169846
9.175322
11.306243
13.670260
16.224283
18.874891
21.480780
23.866320
25.857630
27.323550
28.204030
27.587490
27.294230
26.420590
24.985680
23.058180
20.765973
18.270427
15.729660
13.269587
10.970478
10.977505
13.277530
15.739153
18.281940
20.779160
23.072010
24.998630
26.430730
27.299820
26.813630
26.516570
25.639920
24.218660
22.334920
20.118039
17.719213
15.281849
12.915789
12.923862
15.291399
17.730660
20.131130
22.348520
24.231190
25.649540
26.521800
26.136120
25.826650
24.923350
23.487080
21.621260
19.461190
17.150039
14.814928
12.549821
12.557953
14.824730
17.161950
19.474750
21.635120
23.499450
24.932570
25.831520
25.534560
25.194490
24.221600
22.724700
20.842630
18.720360
16.491661
14.265273
14.276357
16.505380
18.735960
20.858250
22.738130
24.231010
25.199180
24.999040
24.585300
23.450570
21.810250
19.867530
17.770360
17.791920
19.888670
21.827660
23.461850
24.590220
24.532070
23.906630
22.370820
20.452060
18.422740
18.458440
20.482260
22.389920
23.913750
24.170340
22.609790
22.633240
23.457080
21.933640
21.941235
24.157550
23.541340
22.050870
20.202140
18.245870
18.245292
20.205692
22.060498
23.552060
24.739190
24.331820
23.223170
21.624040
19.728426
17.676196
17.690668
19.743329
21.639482
23.237713
24.341233
25.333020
24.998100
24.044840
22.578290
20.731310
18.643183
16.443614
14.240036
14.261212
16.465619
18.665109
20.752580
22.597696
24.060323
25.006963
25.970307
25.665200
24.778320
23.366950
21.529713
19.397606
17.110495
14.794032
12.541939
12.563778
14.818071
17.135715
19.422868
21.553622
23.387899
24.794101
25.673899
26.671839
26.378760
25.516470
24.116840
22.257774
20.064994
17.686820
15.265361
12.910277
12.933126
15.290640
17.713556
20.091866
22.283212
24.138692
25.532671
26.387492
27.462848
27.173120
26.312470
24.896960
22.991589
20.720857
18.243629
15.716773
13.266087
10.972237
10.992544
13.289409
15.742623
18.271194
20.748801
23.018029
24.919624
26.329232
27.182112
28.381144
28.088960
27.215640
25.764700
23.792949
21.427864
18.840465
16.204428
13.660465
11.301931
9.172500
9.190115
11.322508
13.684069
16.230793
18.868748
21.456768
23.820507
25.788586
27.233294
28.098379
29.487170
29.188850
28.292310
26.790130
24.733592
22.256713
19.546334
16.794459
14.157583
11.740164
9.593572
9.611469
11.761053
14.181629
16.821404
19.575551
22.286838
24.762599
26.815382
28.311064
29.198939
30.878390
30.570750
29.642140
28.073680
25.913197
23.304646
20.455004
17.577233
14.844655
12.371331
10.213246
8.378331
8.393455
10.231439
12.392727
14.869393
17.605219
20.485623
23.336559
25.944141
28.100968
29.662591
30.581649
32.712010
32.392270
31.422010
29.769350
27.480310
24.713148
21.699895
18.678512
15.839492
13.305153
11.132437
9.325399
9.340649
11.151133
13.327400
15.865448
18.708113
21.732589
24.747588
27.514052
29.799297
31.444556
32.404402
33.872470
32.108510
29.653090
26.684050
23.466028
20.266233
17.293604
14.677008
12.470305
10.668624
10.684100
12.489741
14.700489
17.321362
20.298222
23.501712
26.721971
29.690678
32.142148
33.897969
32.735630
29.489110
25.992080
22.547550
19.384940
16.637350
14.351717
12.510305
11.055061
11.066307
12.526083
14.372100
16.662508
19.415172
22.582824
26.031887
29.531932
32.778498
33.463680
29.556940
25.750430
22.296240
19.329090
16.885390
14.931010
13.392005
13.402976
14.947190
16.906932
19.356361
22.329589
25.789990
29.602212
33.512951
38.930800
34.403400
30.049490
26.145640
22.824670
20.107110
17.939030
16.226600
16.237227
17.955464
20.129817
22.854129
26.182404
30.094031
34.455325
38.988287
40.583950
35.435420
30.878390
27.037170
23.908130
21.410400
19.427440
19.437530
21.426790
23.931460
27.068360
30.918340
35.484800
40.642720
47.722720
41.531360
36.128300
31.616380
27.957370
25.035900
22.707180
22.716180
25.051340
27.980200
31.647770
36.169640
41.583880
47.786950
54.786800
47.445390
41.126150
35.897030
31.676900
28.310980
25.623870
25.631070
28.324190
31.697290
35.926040
41.165620
47.497050
54.851970
60.147100
51.862090
44.803310
39.002860
34.340510
30.627600
27.663640
27.667930
30.636980
34.355990
39.026110
44.836350
51.907230
60.206170
61.120320
54.598910
48.194870
42.360870
37.320320
33.114640
29.676770
29.679060
33.121340
37.332640
42.380590
48.223620
54.638250
61.170120
64.958670
59.266790
53.021390
46.859020
41.225840
36.348310
32.274790
28.941940
28.940140
32.275600
36.352880
41.235780
46.876070
53.047180
59.301850
65.001780
59.231380
54.289010
48.758030
43.226010
38.121310
33.674110
29.947580
26.894260
26.888610
29.942970
33.671640
38.122370
43.232280
48.771320
54.310030
59.259420
51.685790
47.648040
42.998590
38.257790
33.825030
29.930510
26.652400
23.964050
23.955540
26.643880
29.922920
33.819810
38.256550
43.003040
47.659140
51.703170
44.075800
40.844450
37.004910
33.006310
29.212650
25.848550
23.004320
20.671160
20.661190
22.993800
25.838540
29.204490
33.001590
37.005070
40.850580
44.087650
39.226740
37.498950
34.868650
31.654080
28.239940
24.954040
22.012560
19.513411
17.462775
17.452725
19.502757
22.002385
24.945730
28.234890
31.653600
34.873670
37.509170
39.240590
34.305330
33.758430
32.343300
30.116770
27.337100
24.335090
21.406880
18.758118
16.492030
16.482628
18.749450
21.400261
24.331791
27.338268
30.122921
32.354100
33.772360
34.319790
30.121990
30.231830
29.771220
28.541970
26.575980
24.085700
21.358900
18.663978
16.197058
14.065291
14.058216
16.190924
18.660036
21.358279
24.089344
26.584213
28.554260
29.785970
30.246680
30.133970
26.895490
27.023350
27.286870
27.371240
26.948860
25.832450
24.038402
21.744295
19.202348
16.656861
14.294039
12.223973
12.219792
14.290991
16.655973
19.204604
21.750480
24.048655
25.846230
26.964450
27.386450
27.298970
27.030020
24.986740
25.095150
25.314860
25.367630
24.960100
23.918600
22.247324
20.096295
17.687648
15.243389
12.939188
10.885185
10.884328
12.939281
15.245399
17.692458
20.104585
22.259182
23.933358
24.976290
25.382990
25.326910
25.101770
23.642530
23.734040
23.915110
23.937370
23.536230
22.550420
20.975738
18.939599
16.637939
14.271852
12.004951
12.008032
14.276338
16.644751
18.949335
20.988550
22.565692
23.552450
23.952510
23.926960
23.740460
22.659620
22.736650
22.883500
22.877100
22.477700
21.536490
20.043246
18.106662
15.899971
13.603951
11.368216
11.373959
13.610333
15.908032
18.117073
20.056317
21.551590
22.493590
22.891770
22.894820
22.742840
21.905810
21.969130
22.083780
22.048470
21.646130
20.740340
19.317465
17.470984
15.353486
13.126329
13.133863
15.361978
17.481373
19.330081
20.754850
21.661310
22.062440
22.094550
21.975040
21.298700
21.348040
21.428960
21.360480
20.948230
20.067590
18.704982
16.940737
14.908654
12.751409
12.759365
14.916789
16.950339
18.716654
20.081100
20.962360
21.373560
21.439030
21.353540
20.787800
20.821380
20.862890
20.752310
20.317590
19.450150
18.137023
16.447953
14.499571
14.506640
16.456222
18.147429
19.462430
20.330600
20.764320
20.872190
20.826470
20.344880
20.357920
20.346660
20.175900
19.700510
18.830190
17.555311
15.936776
15.943452
17.564352
18.841380
19.712580
20.187030
20.355190
20.362510
19.954040
19.935550
19.843950
19.578950
19.033390
18.138900
16.891280
16.899717
18.149980
19.045410
19.589870
19.852010
19.939730
19.610570
19.531720
19.293050
18.867120
18.202270
17.257410
17.271310
18.216980
18.879820
19.301700
19.535740
19.321390
19.088570
18.522630
17.800680
17.822080
18.536190
19.093730
18.929577
18.706173
18.181000
17.520500
17.534574
18.196454
18.718128
19.343565
19.269540
19.052423
18.661038
18.037532
17.134708
17.160661
18.061426
18.682265
19.069513
19.279477
19.751212
19.736342
19.659873
19.419175
18.903539
18.040313
16.821880
16.853667
18.070533
18.930737
19.441920
19.676505
19.745281
20.181982
20.197892
20.198668
20.047149
19.595618
18.750554
17.499379
15.901034
15.933355
17.532199
18.781839
19.623489
20.069881
20.214838
20.206332
20.652161
20.688262
20.739882
20.645561
20.231068
19.385058
18.092120
16.420122
14.485046
14.514581
16.452179
18.124842
19.416343
20.258922
20.668179
20.755725
20.696481
21.182641
21.234261
21.324044
21.269761
20.875159
20.013418
18.668558
16.919187
14.898415
12.748926
12.774329
14.927447
16.950683
18.700823
20.044536
20.903002
21.292431
21.339928
21.242457
21.804283
21.869553
21.992055
21.969439
21.582888
20.693964
19.286972
17.453728
15.345993
13.124925
13.150068
15.374533
17.484827
19.319031
20.725049
21.610910
21.992244
22.008125
21.877871
22.568730
22.647355
22.801213
22.806138
22.421037
21.495074
20.016258
18.091508
15.893305
13.602230
11.368359
11.389709
13.627258
15.921731
18.122518
20.048467
21.526578
22.449612
22.829579
22.817777
22.655987
23.558927
23.651781
23.838974
23.871363
23.483101
22.511324
20.949753
18.924350
16.630196
14.268224
12.002490
12.023897
14.293393
16.658891
18.955836
20.982725
22.543850
23.512789
23.895870
23.856391
23.660758
24.907698
25.016948
25.241865
25.303665
24.907826
23.879073
22.219830
20.078691
17.676897
15.236311
12.933001
10.877827
10.895447
12.954694
15.262045
17.706437
20.111340
22.254292
23.913292
24.939255
25.329731
25.260512
25.026555
26.818162
26.946305
27.214058
27.306326
26.894434
25.789802
24.007027
21.722232
19.186774
16.644926
14.283116
12.212216
12.229917
14.305351
16.671706
19.217862
21.756917
24.043915
25.826720
26.928618
27.334827
27.234470
26.956879
30.046378
30.162928
29.711780
28.493560
26.538420
24.057310
21.337110
18.646090
16.180770
14.048942
14.066823
16.203848
18.674394
21.370400
24.094964
26.578938
28.534508
29.749974
30.194933
30.069324
34.229630
33.691410
32.286910
30.071210
27.300970
24.306140
21.382640
18.736420
16.471320
16.489457
18.760587
21.412978
24.342510
27.342640
30.116650
32.333331
33.735097
34.266525
39.150820
37.433570
34.814570
31.610100
28.204090
24.923980
21.986240
19.489310
17.440040
17.451994
19.507764
22.011523
24.956541
28.243922
31.656652
34.866089
37.487012
39.201664
44.003300
40.783780
36.955150
32.965630
29.178810
25.819550
22.978650
20.647910
20.659330
22.997150
25.845680
29.213290
33.008790
37.006650
40.841920
44.064500
51.612350
47.586560
42.948280
38.216880
33.791390
29.902320
26.628140
23.942710
23.953180
26.645830
29.928180
33.826490
38.261990
43.003330
47.650280
51.680820
59.168790
54.236980
48.715720
43.191880
38.093650
33.651310
29.928320
26.877720
26.886500
29.943970
33.675090
38.126920
43.235770
48.770910
54.302390
59.241100
64.922210
59.236390
52.996920
46.839370
41.210030
36.335410
32.264070
28.932850
28.938840
32.276070
36.354590
41.238020
46.877850
53.046850
59.297320
64.991170
61.980610
60.971330
58.350580
54.350700
49.492380
44.364510
39.449110
35.043260
31.274640
31.279470
35.053340
39.465900
44.389310
49.526250
54.393610
58.400470
61.024130
62.031090
60.026740
59.140950
56.682120
52.865310
48.193090
43.238260
38.473930
34.197190
30.533630
30.534120
34.201310
38.483020
43.253850
48.216240
52.896480
56.719870
59.182250
60.067270
54.799890
54.221070
52.175020
48.834540
44.650150
40.152000
35.789350
31.851930
28.469000
28.465420
31.850390
35.791160
40.158660
44.663110
48.854340
52.201030
54.250810
54.829640
47.874600
47.649400
46.101230
43.350940
39.783110
35.870170
32.027150
28.532130
25.517650
25.510970
28.526300
32.023510
35.870220
39.788340
43.362180
46.118190
47.670100
47.896360
39.859100
40.844530
40.906700
39.797240
37.591530
34.607000
31.257840
27.920430
24.858670
24.850510
27.913860
31.254390
34.608100
37.598050
39.809120
40.922510
40.861760
39.874840
32.345870
33.695120
34.730410
34.974420
34.183160
32.396470
29.876110
26.982190
24.056220
21.346330
21.337765
24.049086
26.977961
29.876164
32.401651
34.193349
34.988273
34.745699
33.709320
32.356640
26.194080
26.585710
27.615490
28.891390
29.913450
30.247540
29.658180
28.160450
25.970790
23.404970
20.773260
18.310344
18.302985
20.767394
23.401963
25.971874
28.166396
29.668717
30.261515
29.928638
28.905381
27.626090
26.591420
22.874330
23.234420
24.185400
25.374970
26.351090
26.716400
26.246060
24.936900
22.970280
20.625340
18.186268
15.876682
15.871694
18.182780
20.624662
22.973521
24.944585
26.257922
26.731262
26.366833
25.389307
24.196190
23.240240
20.577270
20.907700
21.786120
22.890950
23.811340
24.178000
23.777350
22.593117
20.777862
18.579955
16.260995
16.260484
18.581976
20.783397
22.602711
23.790607
24.193783
23.827644
22.905620
21.797130
20.913590
19.009280
19.315550
20.130410
21.158940
22.022790
22.379180
22.023490
20.928593
19.223301
17.128999
14.886472
14.889091
17.133678
19.230937
20.939707
22.037761
22.395498
22.039381
21.173770
20.141460
19.321440
17.933490
18.218740
18.978750
19.940400
20.752840
21.096030
20.773510
19.749864
18.133115
16.120568
13.932846
13.938499
16.127425
18.142199
19.761761
20.788102
21.112321
20.769249
19.954960
18.989610
18.224520
17.176080
17.442980
18.154510
19.056600
19.822090
20.151270
19.855610
18.893335
17.354733
15.414400
15.422750
17.364436
18.905189
19.869709
20.166890
19.837791
19.070510
18.164910
17.448560
16.619260
16.869410
17.536420
18.382730
19.102850
19.415710
19.141530
18.233507
16.766275
14.893986
14.902991
16.775586
18.244308
19.154322
19.430007
19.117330
18.395700
17.546170
16.874660
16.188270
16.422130
17.045420
17.835800
18.508120
18.799440
18.539630
17.678061
16.276386
16.284192
17.686847
18.550291
18.811764
18.520950
17.847530
17.054370
16.426950
15.837100
16.053980
16.630830
17.360370
17.977710
18.238550
17.983240
17.160131
17.165968
17.991000
18.248364
17.988500
17.370590
16.638740
16.058290
15.539820
15.737090
16.259520
16.916490
17.464780
17.681040
17.417920
17.422236
17.687986
17.473320
16.925010
16.266260
15.740770
15.282800
15.453970
15.904470
16.463850
16.916980
17.066710
17.071016
16.923500
16.470800
15.910070
15.456980
15.063190
15.190260
15.523880
15.932340
16.242590
16.248790
15.938810
15.528660
15.192660
14.890250
14.503109
14.803504
14.932973
15.281678
15.715708
16.058295
16.090897
15.742194
15.300802
14.943243
15.089449
15.261938
15.721907
16.298073
16.773574
16.948833
16.986839
16.805917
16.323359
15.739302
15.270802
15.387958
15.586222
16.115667
16.785347
17.350942
17.587380
17.345206
17.384969
17.623704
17.381706
16.809180
16.131731
15.594248
15.713693
15.931559
16.514125
17.254060
17.885667
18.163438
17.925808
17.119539
17.157629
17.963375
18.197848
17.914879
17.276629
16.529278
15.939077
16.085579
16.320335
16.948523
17.747733
18.432381
18.738319
18.493983
17.646942
16.257867
16.291864
17.682919
18.529566
18.771157
18.460279
17.769385
16.963114
16.327613
16.531847
16.782857
17.454113
18.308066
19.038973
19.364816
19.104291
18.209043
16.752570
14.888337
14.917481
16.785072
18.243426
19.138403
19.396381
19.065997
18.329103
17.468301
16.790025
17.099870
17.367578
18.082724
18.991444
19.766375
20.107087
19.823628
18.872706
17.343322
15.409504
15.437821
17.374837
18.906096
19.856856
20.138038
19.793017
19.012302
18.096825
17.374678
17.865290
18.151057
18.914061
19.881310
20.702000
21.055374
20.743760
19.730190
18.121510
16.114304
13.929286
13.953407
16.142350
18.152735
19.763282
20.776882
21.086329
20.728803
19.902382
18.928383
18.158295
18.946138
19.252633
20.069748
21.102913
21.973736
22.339057
21.993089
20.907275
19.209175
17.119628
14.879193
14.903367
17.147855
19.240737
20.940889
22.026911
22.370823
22.001354
21.124636
20.084602
19.260080
20.516545
20.846772
21.726683
22.834983
23.761183
24.135559
23.743632
22.567761
20.759161
18.565721
16.248873
16.273451
18.594737
20.791894
22.602825
23.779140
24.169110
23.790387
22.858058
21.742455
20.854738
22.813608
23.172955
24.124488
25.316404
26.297125
26.669172
26.206753
24.905450
22.945460
20.605070
18.168530
15.859800
15.879752
18.193927
20.635513
22.980162
24.943057
26.245076
26.705571
26.329035
25.341675
24.141710
23.181679
26.131386
26.521423
27.550811
28.827881
29.853487
30.193500
29.611570
28.121690
25.938850
23.378180
20.749810
18.288680
18.308910
20.776292
23.410627
25.976406
28.162844
29.653978
30.234081
29.889236
28.856257
27.570271
26.531251
32.276152
33.625531
34.663540
34.912910
34.128970
32.350370
29.837410
26.949570
24.027890
21.320870
21.341487
24.055610
26.984231
29.878374
32.396035
34.176610
34.958951
34.704361
33.658229
32.298541
39.784865
40.772440
40.839770
39.737650
37.540310
34.563850
31.221500
27.889370
24.831400
24.852280
27.918140
31.258330
34.608310
37.590680
39.791000
40.892210
40.819375
39.822680
47.803200
47.582840
46.041890
43.300000
39.740250
35.834370
31.997030
28.506330
25.495140
25.507710
28.526670
32.025950
35.872320
39.787020
43.354130
46.100430
47.641200
47.856340
54.740110
54.165430
52.125580
48.792200
44.614750
40.122690
35.764950
31.831360
28.451370
28.462430
31.850020
35.792220
40.159410
44.661170
48.847200
52.186410
54.227190
54.797170
59.992170
59.108580
56.653330
52.840990
48.172800
43.221560
38.460180
34.185690
30.523940
30.532420
34.200900
38.483360
43.253910
48.215020
52.892280
56.711420
59.168750
60.048410
49.146945
51.128610
53.038780
54.217290
54.133520
52.555490
49.612000
45.713300
41.379730
37.076320
37.090320
41.400870
45.742350
49.648720
52.598340
54.179110
54.261600
53.077680
51.159170
49.167800
47.563340
49.541880
51.463440
52.680500
52.668670
51.193900
48.376360
44.612310
40.409640
36.226310
36.234420
40.423520
44.632920
48.403940
51.227380
52.705300
52.716920
51.495770
49.567520
47.580950
41.879317
43.305410
45.268070
47.211640
48.519910
48.689230
47.482590
44.995890
41.589200
37.735540
33.869900
33.872170
37.742260
41.601480
45.014310
47.506480
48.716650
48.547810
47.236890
45.288260
43.319280
41.886350
35.730180
36.230220
37.613650
39.536620
41.485620
42.888610
43.269980
42.394540
40.327280
37.381070
33.982380
30.533610
30.531350
33.983400
37.386740
40.338380
42.410760
43.289830
42.909600
41.505180
39.552520
37.624650
36.235750
29.973130
30.450460
31.774440
33.631500
35.552130
37.012830
37.571350
36.996880
35.327240
32.827660
29.876690
26.840890
26.835970
29.874440
32.829480
35.333990
37.008470
37.586610
37.029690
35.568160
33.644800
31.783740
30.455180
24.942990
25.394110
26.648890
28.420490
30.280770
31.751290
32.423750
32.074600
30.720320
28.584900
26.003470
23.310270
23.304643
26.000225
28.585479
30.725496
32.084454
32.437183
31.766394
30.295443
28.432781
26.657600
25.398570
20.980140
21.404990
22.588870
24.267590
26.047710
27.491110
28.218740
28.016880
26.885340
25.015090
22.704090
20.258893
20.254291
22.701758
25.016341
26.890984
28.026904
28.232092
27.506091
26.062239
24.279801
22.597610
21.409470
18.068680
18.469080
19.586710
21.175600
22.871060
24.267300
25.011500
24.897970
23.914420
22.224550
20.096618
20.096403
22.227653
23.921568
24.909154
25.025713
24.282917
22.886073
21.188231
19.595718
18.473740
16.026580
16.404440
17.463270
18.970950
20.587670
21.931400
22.671910
22.610640
21.725426
20.157440
18.149577
18.152138
20.162844
21.734392
22.623167
22.687068
21.947692
20.603186
18.983982
17.472608
16.409270
14.629570
14.989420
15.997460
17.434360
18.979220
20.272750
21.002370
20.975170
20.160178
18.679430
16.752996
16.758530
18.687126
20.170729
20.988617
21.018026
20.289270
18.994915
17.447554
16.006904
14.994330
13.682150
14.026180
14.990030
16.365070
17.846850
19.095040
19.812360
19.810880
19.052458
17.640877
17.650326
19.063813
19.824516
19.827807
19.111220
17.862215
16.378036
14.999345
14.031010
13.032020
13.362040
14.286440
15.605805
17.030220
18.236710
18.941370
18.961440
18.251865
16.901139
16.911618
18.263131
18.974231
18.955689
18.251723
17.044626
15.618097
14.295370
13.366730
12.571790
12.888580
13.775990
15.042549
16.412220
17.577260
18.267130
18.304140
17.637744
17.647733
18.314886
18.279238
17.590236
16.425009
15.053723
13.784230
12.892940
12.230500
12.534400
13.384892
14.598712
15.911710
17.031790
17.701310
17.748180
17.755605
17.710077
17.041869
15.922206
14.608293
13.392130
12.538300
11.963700
12.254292
13.066071
14.223087
15.473593
16.541080
17.180970
17.185144
16.547309
15.481133
14.230598
13.072080
12.257610
11.746090
12.021499
12.789490
13.881238
15.057452
16.058880
16.060306
15.061335
13.886186
12.793850
12.024040
11.564120
11.820893
12.533841
13.542191
14.622920
14.622635
13.544112
12.536320
11.822450
11.415650
11.643530
12.272825
12.273010
11.643810
11.172720
11.399786
12.036702
12.057592
11.410310
11.386195
11.641788
12.358470
13.375484
14.469997
14.506699
13.402795
12.376299
11.650556
11.608902
11.883488
12.653860
13.751724
14.938089
15.953391
15.993775
14.970914
13.776023
12.669626
11.891166
11.854789
12.144837
12.958513
14.120426
15.379192
16.458205
17.112118
17.153290
16.494639
15.408865
14.142428
12.972784
12.151758
12.142050
12.445635
13.297807
14.515826
15.835956
16.966021
17.647753
17.707759
17.746831
17.685165
16.999189
15.863123
14.536064
13.311015
12.452089
12.498376
12.815071
13.704035
14.974206
16.350129
17.523986
18.224590
18.273016
17.617669
17.652783
18.309031
18.259076
17.554733
16.375378
14.993120
13.716434
12.821177
12.969571
13.299639
14.225330
15.547775
16.977647
18.191836
18.905909
18.936001
18.235644
16.892599
16.923059
18.268706
18.969901
18.938426
18.220810
17.001596
15.565813
14.237199
13.305463
13.627311
13.971388
14.936267
16.313729
17.800038
19.054898
19.780400
19.787625
19.037088
17.631795
17.661287
19.069057
19.820267
19.811765
19.082975
17.823309
16.331333
14.947825
13.977115
14.579598
14.939367
15.947903
17.386551
18.934991
20.234052
20.970705
20.951083
20.142961
18.667575
16.744423
16.770118
18.696778
20.174639
20.983493
21.001806
20.261943
18.958197
17.404086
15.959541
14.945089
15.978989
16.356478
17.415266
18.923811
20.543066
21.891242
22.637701
22.583126
21.704066
20.140920
18.136180
18.162070
20.170695
21.736368
22.616260
22.669621
21.919926
20.566944
18.941891
17.427248
16.362404
18.021350
18.420980
19.537858
21.126772
22.823671
24.223232
24.972489
24.864932
23.887230
22.202140
20.077490
20.104134
22.233030
23.921126
24.899937
25.006300
24.253700
22.849034
21.145993
19.550607
18.427294
20.931416
21.354947
22.537386
24.215110
25.995720
27.441496
28.173452
27.977240
26.851530
24.986310
22.679170
20.236520
20.258498
22.706901
25.019111
26.887884
28.015103
28.210329
27.474905
26.023588
24.236256
22.551411
21.361854
24.892084
25.341322
26.593959
28.363743
30.223700
31.695832
32.372170
32.028500
30.680230
28.550420
25.973590
23.283840
23.306338
26.002746
28.585546
30.719822
32.070234
32.413197
31.733232
30.255065
28.387603
26.609804
25.349115
29.920946
30.395953
31.717260
33.571945
35.491640
36.953570
37.515680
36.946550
35.283220
32.789790
29.844060
26.812520
26.835570
29.874630
32.827220
35.326240
36.992730
37.561377
36.995777
35.527220
33.599204
31.735344
30.404973
35.680531
36.177933
37.558611
39.479073
41.426931
42.830850
43.215430
42.345250
40.284210
37.344090
33.950860
30.506600
30.529590
33.982080
37.383210
40.329860
42.395060
43.265690
42.877510
41.466808
39.509707
37.579098
36.188102
41.836716
43.260239
45.220766
47.163550
48.472370
48.644390
47.441980
44.960600
41.559150
37.710100
33.848450
33.870150
37.740350
41.597870
45.006850
47.493380
48.697080
48.522200
47.206100
45.253877
43.282496
41.847696
47.537488
49.514758
51.435870
52.653330
52.642990
51.170610
48.356240
44.595250
40.395320
36.214280
36.233060
40.422190
44.630680
48.399640
51.219900
52.694290
52.702390
51.478590
49.547960
47.559982
39.354574
39.812447
41.130409
43.112926
45.418585
47.572510
49.043300
49.376400
48.341100
46.011110
42.720010
38.927040
38.944940
42.744770
46.042640
48.377890
49.415850
49.082200
47.607580
45.447660
43.134700
41.144839
39.819379
38.104602
38.559425
39.867978
41.837814
44.132800
46.287460
47.778630
48.157670
47.194310
44.956150
41.767940
38.079330
38.091680
41.786340
44.980590
47.223910
48.190300
47.811440
46.317410
44.157750
41.856580
39.880474
38.565347
34.714568
35.159641
36.439738
38.371657
40.634550
42.785180
44.324580
44.820500
44.045570
42.052780
39.139470
35.727910
35.734540
39.151010
42.069720
44.067400
44.845580
44.350430
42.809310
40.654670
38.386820
36.449880
35.164639
30.101978
30.532300
31.770109
33.643053
35.852300
37.984020
39.571290
40.207860
39.670960
37.994430
35.441320
35.447390
38.005290
39.686400
40.226600
39.591390
38.003080
35.868530
33.655350
31.778140
30.536270
25.261200
25.674050
26.861355
28.662940
30.800650
32.892370
34.506180
35.263090
34.948550
33.579310
31.382720
31.385320
33.586310
34.959890
35.277840
34.522540
32.908250
30.814380
28.673530
26.868370
25.677500
20.907100
21.301540
22.437060
24.162770
26.219540
28.253110
29.864460
30.701430
30.558720
29.439130
27.539520
27.540800
29.444513
30.568339
30.714423
29.879196
28.267654
26.232313
24.172718
22.443700
21.304820
17.376890
17.754380
18.841250
20.494240
22.468710
24.434550
26.020540
26.898110
26.871030
25.932110
24.252630
24.254439
25.937817
26.880664
26.910989
26.035148
24.449029
22.481548
20.504280
18.848041
17.757770
14.715560
15.078100
16.122050
17.709600
19.608220
21.505990
23.054790
23.945210
23.989430
23.172130
21.643750
21.647313
23.179187
24.000120
23.958861
23.069957
21.521041
19.621516
17.720166
16.129249
15.081677
12.809530
13.158280
14.165601
15.696717
17.529560
19.364880
20.873560
21.762480
21.849690
21.113310
21.122293
21.861806
21.777098
20.889445
19.380458
17.543417
15.707699
14.173146
13.162081
11.487650
11.825882
12.802121
14.285112
16.059820
17.839980
19.311450
20.193360
20.308890
19.629767
19.640599
20.322094
20.208549
19.327574
17.855757
16.073862
14.296314
12.809866
11.829807
10.587160
10.916189
11.865246
13.306163
15.030142
16.761680
18.199500
19.073670
19.211110
19.224686
19.088611
18.215094
16.776937
15.043776
13.317220
11.872928
10.920090
9.973860
10.294504
11.218680
12.620909
14.298136
15.984630
17.390860
18.256470
18.412180
18.425026
18.269944
17.404825
15.998408
14.310692
12.631244
11.225979
10.298263
9.548182
9.860728
10.760713
12.125023
13.756030
15.397180
16.770000
17.624040
17.634637
16.781021
15.408422
13.766644
12.134029
10.767273
9.864163
9.242337
9.546451
10.421346
11.746072
13.328052
14.919616
16.253360
16.259908
14.927041
13.335810
11.753155
10.426762
9.549346
9.011801
9.307270
10.154873
11.436157
12.963250
14.497226
14.499437
12.967085
11.440633
10.158724
9.309458
8.830971
9.116506
9.933216
11.164282
12.626318
12.625046
11.165248
9.934962
9.117763
8.685973
8.959209
9.738503
9.737443
8.959090
8.526766
8.796400
9.573760
9.591755
8.805016
8.710045
8.993002
9.807980
11.039130
12.504348
12.538380
11.063428
9.823212
9.000255
8.917386
9.211048
10.057499
11.339005
12.868923
14.409068
14.446298
12.898285
11.360045
10.070755
9.217399
9.167061
9.470027
10.344254
11.669534
13.254261
14.851450
16.193845
16.231712
14.883989
13.280036
11.688131
10.356061
9.475715
9.486945
9.798769
10.698468
12.063500
13.697216
15.343532
16.724057
17.587693
17.623747
16.757599
15.372452
13.720232
12.080215
10.709171
9.803955
9.922687
10.242892
11.166964
12.569940
14.249661
15.940749
17.353671
18.227490
18.391984
18.424895
18.260174
17.384084
15.966996
14.270649
12.585334
11.176837
10.247689
10.542849
10.871595
11.820505
13.261999
14.987939
16.723441
18.166981
19.048113
19.192779
19.223595
19.078644
18.195283
16.747934
15.007598
13.276416
11.829844
10.876130
11.447482
11.785443
12.761348
14.244483
16.020617
17.803833
19.279998
20.167786
20.289394
19.615728
19.644239
20.319238
20.197201
19.307205
17.827377
16.039545
14.258447
12.770387
11.789865
12.771400
13.119660
14.126320
15.657026
17.490501
19.327914
20.840329
21.734145
21.826608
21.094950
21.123548
21.856481
21.763518
20.867477
19.351431
17.509390
15.670977
14.135348
13.124101
14.677601
15.039379
16.082197
17.668709
19.567073
21.466087
23.017627
23.912171
23.961048
23.148170
21.623520
21.649907
23.177599
23.991905
23.942608
23.045766
21.490430
19.586661
17.683158
16.091572
15.043971
17.337875
17.714241
18.799467
20.450669
22.424150
24.390302
25.978271
26.859282
26.836610
25.902210
24.226660
24.254211
25.933297
26.869444
26.891843
26.008447
24.416430
22.445190
20.466220
18.809541
17.719182
20.866589
21.259509
22.392894
24.116300
26.171339
28.204466
29.817226
30.657260
30.518790
29.403890
27.508770
27.537871
29.437259
30.554501
30.692900
29.850345
28.233347
26.194581
24.133445
22.404076
21.264963
25.220159
25.631181
26.816040
28.614948
30.750491
32.841293
34.456142
35.215810
34.905520
33.541180
31.349430
31.380271
33.577065
34.944488
35.255142
34.493095
32.873599
30.776628
28.634273
26.828702
25.637419
30.063493
30.491927
31.727283
33.597478
35.804427
37.935105
39.523190
40.162250
39.629410
37.957610
35.409320
35.441380
37.995580
39.671110
40.205040
39.563781
37.970939
35.833525
33.619105
31.741402
30.498861
34.683686
35.127105
36.405223
38.334815
40.595948
42.745724
44.285520
44.783480
44.011910
42.022940
39.113690
35.705910
35.730280
39.145650
42.061500
44.055010
44.828270
44.328400
42.783730
40.626967
38.357971
36.420588
35.134698
38.087255
38.541017
39.848565
41.817033
44.110752
46.265070
47.756480
48.136790
47.175300
44.939370
41.753590
38.067090
38.089120
41.783050
44.975820
47.216780
48.180510
47.799120
46.303080
44.142160
41.840351
39.863889
38.548511
33.939121
34.296785
35.353339
37.035481
39.188062
41.542263
43.716590
45.263650
45.783030
45.052910
43.113630
43.140600
45.084580
45.817230
45.297770
43.747910
41.569130
39.209488
37.051110
35.363481
34.301733
32.908091
33.263257
34.312154
35.982013
38.119522
40.461987
42.632740
44.191260
44.741910
44.064500
42.196000
42.217670
44.090790
44.770990
44.220660
42.660190
40.485530
38.138160
35.995568
34.320912
33.267541
30.086560
30.434321
31.460544
33.095309
35.192084
37.499210
39.656140
41.241210
41.873130
41.336650
39.657760
39.673590
41.356800
41.896250
41.265200
39.678840
37.518670
35.207550
33.106560
31.467688
30.437893
26.180734
26.517814
27.511930
29.096947
31.134555
33.387810
35.518190
37.129590
37.861590
37.505460
36.075670
36.086460
37.520290
37.879480
37.148670
35.536610
33.403840
31.147360
29.106190
27.517840
26.520640
21.986030
22.311750
23.270606
24.800411
26.770421
28.958440
31.049130
32.673120
33.493660
33.310680
32.127490
32.134810
33.321930
33.508050
32.689050
31.064800
28.972280
26.781510
24.808400
23.275700
22.314130
18.112980
18.427270
19.352788
20.829293
22.732116
24.851740
26.893050
28.511880
29.393850
29.348360
29.358043
29.406596
28.526368
26.907494
24.864659
22.742631
20.836951
19.357700
18.429670
14.886030
15.190555
16.087400
17.517036
19.358712
21.413170
23.401470
25.000710
25.916060
25.966290
25.976015
25.928781
25.015076
23.415887
21.426206
19.369426
17.524929
16.092499
15.193021
12.387696
12.684426
13.557872
14.948653
16.738612
18.735420
20.672970
22.245500
23.173840
23.284780
23.295561
23.187368
22.260542
20.688026
18.749112
16.749899
14.957121
13.563388
12.687128
10.554209
10.843718
11.698458
13.057949
14.806232
16.754300
18.646800
20.191360
21.121800
21.136407
20.207236
18.662554
16.768601
14.818129
13.066946
11.704382
10.846632
9.255924
9.540683
10.380412
11.714081
13.426717
15.333656
17.187520
18.706760
19.634830
19.650340
18.723085
17.203514
15.348214
13.438883
11.723343
10.386572
9.543738
8.357875
8.638469
9.465049
10.776340
12.457816
14.328714
16.148660
17.645310
17.661236
16.164099
14.342743
12.469684
10.785476
9.471203
8.641550
7.741530
8.018173
8.832308
10.122008
11.773696
13.609956
15.397140
16.871510
16.885725
15.410756
13.622420
11.784417
10.130443
8.838071
8.021082
7.314988
7.587484
8.388348
9.655404
11.275504
13.074652
14.825850
14.836020
13.084236
11.284073
9.662424
8.393315
7.590060
7.012543
7.280501
8.066533
9.307932
10.892238
12.648503
12.653582
10.897449
9.312742
8.070207
7.282488
6.790322
7.052971
7.821877
9.033753
10.575799
10.576218
9.035344
7.823678
7.054077
6.621205
6.877939
6.877873
6.517130
6.769983
6.776725
6.709833
6.969818
7.735343
8.943940
10.484214
10.512393
8.963584
7.747420
6.975518
6.949036
7.215282
7.999176
9.238594
10.822283
12.580422
12.611270
10.846020
9.255287
8.009528
7.220213
7.263802
7.535260
8.334728
9.600770
11.221044
13.022514
14.778659
14.810045
13.048838
11.241486
9.615264
8.343803
7.539577
7.699036
7.975025
8.788296
10.077460
11.729716
13.568318
15.359996
16.840780
16.870993
15.387344
13.591353
11.747678
10.090312
8.796421
7.978928
8.321121
8.601286
9.427237
10.738138
12.420170
14.293144
16.116846
17.618847
17.645989
16.141391
14.313837
12.436383
10.749823
9.434681
8.604903
9.222568
9.506946
10.345976
11.679128
13.392015
15.300455
17.157307
18.680907
19.614018
19.640427
18.706203
17.180120
15.319707
13.407140
11.690112
10.353020
9.510345
10.522360
10.811403
11.665282
13.023886
14.771910
16.720768
18.615445
20.163343
21.097935
21.123725
20.187930
18.637448
16.739318
14.786572
13.034563
11.672152
10.814727
12.355900
12.651986
13.524188
14.913673
16.702769
18.699598
20.638459
22.213517
23.145401
23.260130
23.286233
23.171605
22.238439
20.660716
18.718360
16.717532
14.924515
13.531188
12.655404
14.853409
15.156997
16.052275
17.480167
19.320308
21.374068
23.362917
24.963986
25.882408
25.936180
25.963625
25.910029
24.990213
23.386380
21.393779
19.335902
17.491543
16.059634
15.160605
18.079424
18.392547
19.316166
20.790438
22.691184
24.809548
26.850719
28.470967
29.355610
29.313670
29.343171
29.385597
28.499576
26.876329
24.831073
22.708153
20.802786
19.324162
18.396471
21.952584
22.276857
23.233664
24.760932
26.728631
28.915014
31.005280
32.630291
33.453170
33.273630
32.094480
32.123646
33.305732
33.486042
32.661775
31.033577
28.938884
26.747508
24.774715
23.242591
22.281225
26.149879
26.485548
27.477648
29.060251
31.095510
33.347022
35.476728
37.088870
37.823030
37.470090
36.044160
36.075150
37.504590
37.858686
37.123449
35.507949
33.373314
31.116493
29.075485
27.487532
26.490414
30.062185
30.408877
31.433265
33.066155
35.161122
37.466572
39.623070
41.208780
41.842260
41.308350
39.632670
39.664270
41.344150
41.879800
41.245410
39.656339
37.494874
35.183488
33.082537
31.443777
30.414079
32.894596
33.249071
34.296910
35.965657
38.102001
40.443812
42.614210
44.172870
44.724650
44.048680
42.181990
42.212360
44.083630
44.761830
44.209590
42.647630
40.472450
38.124795
35.982231
34.307680
33.254274
30.050480
30.316042
31.115562
32.434865
34.227274
36.375081
38.663200
40.769000
42.302510
42.904350
42.933860
42.332220
40.796800
38.687650
36.395220
34.242829
32.446202
31.122840
30.319619
29.175727
29.439982
30.233284
31.543086
33.322213
35.456366
37.732547
39.833020
41.372910
41.997230
42.023110
41.399370
39.858110
37.754630
35.474360
33.336077
31.552870
30.239642
29.443061
26.763566
27.022380
27.799230
29.081986
30.826111
32.921375
35.163943
37.247650
38.802550
39.486840
39.508220
38.824770
37.268920
35.182660
32.936670
30.837790
29.090273
27.804382
27.024828
23.374576
23.626277
24.380474
25.626516
27.322011
29.363111
31.556639
33.612990
35.182960
35.942010
35.959190
35.201320
33.630800
31.572500
29.376030
27.331860
25.633350
24.384723
23.628254
19.661700
19.905793
20.636633
21.844156
23.488358
25.470412
27.607870
29.628660
31.205190
32.032430
32.046613
31.220795
29.644160
27.621730
25.481830
23.496990
21.850130
20.640250
19.907512
16.151860
16.389191
17.099569
18.272963
19.870320
21.797027
23.879270
25.860010
27.432010
27.446410
25.874476
23.892424
21.807960
19.878606
18.278712
17.103100
16.390850
13.153009
13.385043
14.079629
15.225946
16.784808
18.664525
20.697400
22.638490
24.197080
24.211517
22.653110
20.710823
18.675768
16.793448
15.231998
14.083399
13.386814
10.770749
10.999220
11.682436
12.808931
14.338853
16.181708
18.173900
20.079460
21.620910
21.636254
20.094926
18.188147
16.193761
14.348231
12.815582
11.686578
11.001222
8.977756
9.202617
9.878158
10.990702
12.500493
14.315199
16.275500
18.151540
18.168013
16.290654
14.328119
12.510582
10.997932
9.882734
9.204801
7.677696
7.900976
8.570995
9.673141
11.166484
12.959221
14.894162
16.746810
16.763935
14.909868
12.972591
11.177054
9.680756
8.575863
7.903325
6.759350
6.981324
7.646633
8.739613
10.218465
11.991998
13.904951
13.920352
12.005108
10.228889
8.747198
7.651522
6.983691
6.118919
6.339502
6.999687
8.082700
9.546058
11.299002
11.310767
9.555471
8.089653
7.004214
6.341735
5.672133
5.890773
6.544335
7.615104
9.059442
9.066710
7.620611
6.548043
5.892618
5.356136
5.572383
6.217489
7.272406
7.275494
6.219767
5.573588
5.303384
5.517757
6.160067
7.211744
7.226013
6.168766
5.521843
5.629314
5.846803
6.498664
7.567611
9.010751
9.028063
7.579637
6.506086
5.850307
6.082918
6.302849
6.961986
8.043978
9.506952
11.260850
11.280227
9.521758
8.054384
6.968484
6.305955
6.727769
6.949307
7.613875
8.706197
10.184967
11.959513
13.874906
13.895269
11.976360
10.197976
8.715472
7.619734
6.952132
7.648619
7.871517
8.540843
9.642311
11.135444
12.928952
14.865786
16.721552
16.742260
14.884100
12.944167
11.147332
9.650842
8.546310
7.874165
8.949715
9.174129
9.848844
10.960483
12.469736
14.284702
16.246202
18.124565
18.144073
16.263378
14.299022
12.480973
10.968648
9.854110
9.176702
10.742756
10.970611
11.652752
12.777998
14.306945
16.149390
18.142108
20.049266
21.593201
21.614023
20.068517
18.159068
16.163543
14.318080
12.786129
11.658006
10.973200
13.124477
13.355731
14.048965
15.193640
16.751062
18.629774
20.662535
22.604503
24.165018
24.186731
22.624474
20.680070
18.644382
16.762607
15.202101
14.054473
13.358423
16.122971
16.359258
17.068053
18.239522
19.835003
21.760210
23.841737
25.822882
27.396431
27.419871
25.844534
23.860722
21.775983
19.847420
18.248574
17.073986
16.362166
19.633401
19.876340
20.605493
21.810932
23.453031
25.433314
27.569716
29.590549
31.168129
31.997620
32.024287
31.194128
29.614507
27.590621
25.450686
23.466646
21.820945
20.612018
19.879574
23.349047
23.599632
24.352193
25.596247
27.289669
29.328944
31.521386
33.577500
35.148362
35.909350
35.938524
35.176985
33.603962
31.544488
29.348092
27.304695
25.607181
24.359363
23.603098
26.743661
27.001682
27.777273
29.058317
30.800810
32.894687
35.136236
37.219634
38.775160
39.461000
39.492100
38.805851
37.248172
35.161125
32.915220
30.816804
29.070185
27.784887
27.005366
29.164741
29.428661
30.221147
31.530060
33.308193
35.441396
37.717240
39.817584
41.357660
41.982830
42.014160
41.389030
39.846650
37.742736
35.462518
33.324646
31.541902
30.228885
29.432437
27.152767
27.346240
27.934863
28.929194
30.332857
32.116681
34.190397
36.372205
38.380649
38.405220
36.394020
34.209057
32.131643
30.344324
28.937370
27.940232
27.348990
26.395259
26.587532
27.171553
28.158665
29.552140
31.323953
33.384982
35.555817
37.558621
37.581120
35.576050
33.402120
31.337648
29.562423
28.165986
27.176276
26.589785
24.292072
24.480459
25.052426
26.019204
27.385432
29.124489
31.150877
33.290937
35.276220
35.296110
33.308730
31.165820
29.136290
27.394279
26.025401
25.056275
24.482273
21.299543
21.482767
22.038425
22.978319
24.308112
26.003290
27.981900
30.078741
32.038120
32.055270
30.094270
27.994890
26.013500
24.315620
22.983472
22.041533
21.484193
17.963364
18.141452
18.680673
19.593693
20.886612
22.536810
24.465657
26.515727
26.529757
24.477500
22.546010
20.893270
19.598140
18.683355
18.142650
14.743555
14.917078
15.442705
16.333597
17.595759
19.207398
21.092433
23.099290
23.112923
21.103977
19.216418
17.602260
16.337974
15.445330
14.918262
11.928824
12.099204
12.615445
13.490467
14.730107
16.313139
18.164649
20.135980
20.150154
18.176785
16.322753
14.737107
13.495166
12.618237
12.100496
9.638729
9.807160
10.317521
11.182766
12.408376
13.972950
15.801530
15.814813
13.983583
12.416198
11.188049
10.320706
9.808614
7.872587
8.038914
8.546130
9.405762
10.624193
12.178055
13.992842
14.007450
12.189852
10.632962
9.411687
8.549732
8.040574
6.561006
6.726801
7.231987
8.088018
9.301172
10.848323
10.861017
9.310610
8.094488
7.235907
6.728628
5.613495
5.778711
6.281948
7.134187
8.341856
8.351558
7.140790
6.285955
5.780588
4.939936
5.104430
5.604671
6.451384
6.457556
5.608414
5.106167
4.463988
4.627195
4.628574
4.428562
4.590864
4.593489
4.908991
5.073012
5.572526
6.418488
6.426259
5.577356
5.075325
5.585350
5.750261
6.252961
7.104745
8.312343
8.322167
7.111690
6.257387
5.752401
6.534395
6.699900
7.204543
8.060087
9.273079
10.820712
10.832248
9.282048
8.066548
7.208719
6.701916
7.846604
8.012529
8.519069
9.377952
10.596007
12.149954
13.965542
13.978408
12.160710
10.604483
9.384200
8.523117
8.014528
9.612803
9.780662
10.290152
11.154353
12.379101
13.943307
15.772149
15.784614
13.953858
12.387521
11.160588
10.294245
9.782674
11.902698
12.072411
12.587499
13.461169
14.699592
16.281759
18.132957
20.104692
20.119209
18.145702
16.292517
14.708246
13.467633
12.591756
12.074514
14.717583
14.890293
15.414639
16.303934
17.564482
19.174839
21.059101
23.065909
23.081541
21.072731
19.186324
17.573679
16.310810
15.419202
14.892546
17.938548
18.115698
18.653538
19.564899
20.856111
22.504715
24.432460
26.482050
26.499476
24.447578
22.517272
20.866161
19.572433
18.658512
18.118203
21.277669
21.460012
22.014347
22.952700
24.280757
25.974351
27.951700
30.047960
32.007481
32.029134
30.067379
27.968554
25.988241
24.291765
22.960858
22.019686
21.462658
24.275411
24.463038
25.033993
25.999563
27.364344
29.102180
31.127543
33.267009
35.252357
35.276202
33.288442
31.145848
29.117200
27.376188
26.008179
25.039682
24.465915
26.386213
26.578088
27.161439
28.147957
29.540643
31.311815
33.372188
35.542616
37.545317
37.570304
35.564917
33.391221
31.327319
29.552647
28.156682
27.167192
26.580938
24.903913
25.045072
25.477037
26.216182
27.282926
28.688303
30.415638
30.429667
28.699749
27.291815
26.222656
25.481240
25.047177
24.237410
24.377546
24.806082
25.539500
26.598270
27.994222
29.710795
29.723956
28.004640
26.606280
25.545229
24.809753
24.379372
22.376470
22.513709
22.932461
23.650282
24.687907
26.058206
27.745368
27.757210
26.067463
24.694857
23.655110
22.935539
22.515161
19.699467
19.832651
20.238508
20.935457
21.945464
23.282174
24.930856
24.941440
23.290380
21.951443
20.939553
20.241064
19.833806
16.669479
16.798227
17.191283
17.867687
18.850543
20.154292
21.765377
21.775280
20.161870
18.855930
17.871299
17.193461
16.799283
13.690990
13.816207
14.198512
14.858054
15.819388
17.097626
18.678990
18.689086
17.105323
15.824815
14.861630
14.200629
13.817133
11.033989
11.156488
11.531129
12.178953
13.125592
14.387705
14.396182
13.131659
12.182902
11.533422
11.157532
8.825131
8.945736
9.315157
9.955788
10.894471
12.149111
12.158936
10.901494
9.960370
9.317815
8.946956
7.083660
7.201902
7.567801
8.203638
9.139175
9.147346
8.208963
7.570904
7.203297
5.761289
5.878604
6.241338
6.872990
6.878997
6.244812
5.880157
4.785586
4.901601
4.903239
4.759988
4.876000
4.877414
5.736112
5.853319
6.215862
6.847392
6.851850
6.218796
5.854773
7.058606
7.176585
7.542032
8.177497
9.112818
9.118935
8.182073
7.545099
7.178106
8.800059
8.920277
9.288997
9.928919
10.867046
12.121404
12.129003
10.873298
9.933700
9.292211
8.921892
11.009104
11.131028
11.504730
12.151590
13.097311
14.358704
14.366592
13.103860
12.156640
11.508149
11.132738
13.666716
13.791236
14.172535
14.830907
15.790991
17.068190
18.648838
18.658625
17.076676
15.798076
14.836328
14.176235
13.793114
16.646810
16.774870
17.166787
17.841924
18.823449
20.125928
21.735997
21.746902
20.135335
18.831102
17.847869
17.170812
16.776906
19.679972
19.812367
20.217241
20.913050
21.921701
23.257158
24.904737
24.916931
23.267503
21.930132
20.919388
20.221573
19.814593
22.361867
22.498546
22.916511
23.633318
24.669905
26.039287
27.725518
27.739033
26.050474
24.678993
23.640119
22.921050
22.500865
24.229628
24.369452
24.797458
25.530257
26.588546
27.983861
29.699902
29.714115
27.995521
26.597738
25.537170
24.802089
24.371559
23.080679
23.186005
23.509234
24.063835
24.870428
25.951247
25.960293
24.877754
24.069394
23.512907
23.187938
22.486609
22.591384
22.911429
23.461406
24.261785
24.268453
23.466326
22.914676
22.592932
20.819895
20.921988
21.234005
21.771006
22.554532
22.560490
21.775305
21.236877
20.923400
18.399490
18.497852
18.798957
19.318537
20.079804
20.085078
19.322355
18.801353
18.499014
15.623174
15.717795
16.007208
16.509120
17.248470
17.253504
16.512639
16.009406
15.718887
12.850569
12.941455
13.220497
13.707061
13.710686
13.222670
12.942477
10.333061
10.420897
10.691272
10.693696
10.422021
8.201163
8.286202
8.287466
8.176292
8.261186
8.262380
10.308489
10.396004
10.665776
10.668423
10.397331
12.826920
12.917408
13.195728
13.681489
13.685782
13.198733
12.918925
15.601569
15.695640
15.984372
16.485339
17.223744
17.229796
16.490149
15.987662
15.697377
18.381212
18.479067
18.779457
19.298221
20.058516
20.065255
19.303502
18.783088
18.480960
20.806465
20.908233
21.219629
21.755992
22.538777
22.546020
21.761611
21.223551
20.910168
22.479518
22.584035
22.903700
23.453340
24.253274
24.260750
23.459092
22.907538
22.585961
21.535286
