CELL_PARAMETERS (angstrom)
  10.883739173   0.000000000   0.000000000
   0.000000000  10.883785437   0.000000000
   0.000000000   0.000000000  10.883785437

ATOMIC_POSITIONS (crystal)
Cs       0.250433993   0.249566454   0.249566454
Cs       0.749566007   0.750433546   0.750433546
Cs       0.749566007   0.750433546   0.249566454
Cs       0.250433993   0.249566454   0.750433546
Cs       0.749566007   0.249566454   0.750433546
Cs       0.250433993   0.750433546   0.249566454
Cs       0.250433993   0.750433546   0.750433546
Cs       0.749566007   0.249566454   0.249566454
Bi       0.000000000   0.000000000   0.000000000
Bi       0.000000000   0.500000000   0.500000000
Bi       0.500000000   0.000000000   0.500000000
Bi       0.500000000   0.500000000   0.000000000
Ag       0.500000000   0.500000000   0.500000000
Cu       0.500000000   0.000000000   0.000000000
Ag       0.000000000   0.500000000   0.000000000
Ag       0.000000000   0.000000000   0.500000000
Cl       0.258221114  -0.000000000   0.000000000
Cl       0.741778886   0.000000000   0.000000000
Cl       0.000000000   0.250096847  -0.000000000
Cl       0.000000000   0.749903153   0.000000000
Cl       0.000000000  -0.000000000   0.250096847
Cl       0.000000000   0.000000000   0.749903153
Cl       0.250572395   0.500000000   0.500000000
Cl       0.749427605   0.500000000   0.500000000
Cl      -0.000000000   0.750572669   0.500000000
Cl       0.000000000   0.249427331   0.500000000
Cl       0.000000000   0.500000000   0.750572669
Cl      -0.000000000   0.500000000   0.249427331
Cl       0.750098425   0.000000000   0.500000000
Cl       0.249901575  -0.000000000   0.500000000
Cl       0.500000000   0.250096768   0.500000000
Cl       0.500000000   0.749903232   0.500000000
Cl       0.500000000   0.000000000   0.758223370
Cl       0.500000000   0.000000000   0.241776630
Cl       0.750098425   0.500000000  -0.000000000
Cl       0.249901575   0.500000000   0.000000000
Cl       0.500000000   0.758223370  -0.000000000
Cl       0.500000000   0.241776630  -0.000000000
Cl       0.500000000   0.500000000   0.250096768
Cl       0.500000000   0.500000000   0.749903232
