CELL_PARAMETERS (angstrom)
  10.429898797  -0.000246565  -0.002346239
  -0.000241888  10.430072999   0.000544530
  -0.002231155   0.001108348  10.430311923

ATOMIC_POSITIONS (crystal)
Cs       0.248554251   0.256788150   0.241127329
Cs       0.751739269   0.753790104   0.743950948
Cs       0.751387581   0.753491193   0.240562057
Cs       0.248344628   0.257188501   0.743164553
Cs       0.751535055   0.256482732   0.743950936
Cs       0.248661065   0.753718123   0.240993396
Cs       0.248451383   0.753467204   0.743160840
Cs       0.751109842   0.256548024   0.240659596
Bi       0.000706075   0.005215761  -0.007176468
Bi      -0.001190686   0.504733913   0.491586716
Bi       0.501097353   0.004915512   0.493464251
Bi       0.499431634   0.504694679  -0.007341891
Ag       0.498738557   0.504939469   0.492632941
Ag       0.500499655   0.004671419  -0.006506733
Cu      -0.000540216   0.505669826  -0.008959383
Ag       0.001169875   0.004689093   0.493030585
Cl       0.255527467   0.005760450  -0.007439734
Cl       0.746174194   0.004442995  -0.006575945
Cl      -0.000169574   0.268474578  -0.007142235
Cl      -0.000286188   0.741797245  -0.008623626
Cl       0.001480393   0.004567378   0.247319567
Cl       0.001415138   0.005683263   0.737995138
Cl       0.253565094   0.504989069   0.491680038
Cl       0.744167971   0.504660978   0.491479016
Cl      -0.000733079   0.759323196   0.492606582
Cl      -0.000419139   0.250098493   0.490839260
Cl      -0.000501355   0.504474768   0.755258231
Cl      -0.000943882   0.505862584   0.228365937
Cl       0.756239256   0.004811562   0.493333175
Cl       0.245805530   0.004757423   0.493836963
Cl       0.499956961   0.260167069   0.493597034
Cl       0.500290757   0.749701990   0.493315821
Cl       0.501825465   0.004884856   0.748604198
Cl       0.501390863   0.004749831   0.238118001
Cl       0.762865500   0.505841544  -0.007545417
Cl       0.236000370   0.504632996  -0.008176375
Cl       0.499161685   0.759358487  -0.007251846
Cl       0.500538627   0.250138052  -0.007118729
Cl       0.498874623   0.504882944   0.247161617
Cl       0.498078003   0.504934548   0.738063657

