CELL_PARAMETERS (angstrom)
  10.963005899   0.000000000   0.000000000
   0.000000000  10.963005899   0.000000000
   0.000000000   0.000000000  21.725426578

ATOMIC_POSITIONS (crystal)
Cs       0.251537644   0.251537644   0.128315241
Cs       0.748462356   0.748462356   0.371684759
Cs       0.748462356   0.748462356   0.128315241
Cs       0.251537644   0.251537644   0.371684759
Cs       0.748462356   0.251537644   0.371684759
Cs       0.251537644   0.748462356   0.128315241
Cs       0.251537644   0.748462356   0.371684759
Cs       0.748462356   0.251537644   0.128315241
Cs       0.249532606   0.249532606   0.623165262
Cs       0.750467394   0.750467394   0.876834738
Cs       0.750467394   0.750467394   0.623165262
Cs       0.249532606   0.249532606   0.876834738
Cs       0.750467394   0.249532606   0.876834738
Cs       0.249532606   0.750467394   0.623165262
Cs       0.249532606   0.750467394   0.876834738
Cs       0.750467394   0.249532606   0.623165262
Bi       0.000000000   0.000000000   0.000183934
Bi       0.000000000   0.500000000   0.250000000
Bi       0.500000000   0.000000000   0.250000000
Bi       0.500000000   0.500000000   0.005932133
Bi       0.000000000   0.000000000   0.499816066
Bi       0.000000000   0.500000000   0.750000000
Bi       0.500000000   0.000000000   0.750000000
Bi       0.500000000   0.500000000   0.494067867
Cu       0.500000000   0.500000000   0.250000000
Ag       0.500000000   0.000000000   0.000596520
Ag       0.000000000   0.500000000   0.000596520
Ag       0.000000000   0.000000000   0.250000000
Ag       0.500000000   0.500000000   0.750000000
Ag       0.500000000   0.000000000   0.499403480
Ag       0.000000000   0.500000000   0.499403480
Ag       0.000000000   0.000000000   0.750000000
Cl       0.249777420  -0.000000000  -0.000522423
Cl       0.750222580   0.000000000  -0.000522423
Cl       0.000000000   0.249777420  -0.000522423
Cl      -0.000000000   0.750222580  -0.000522423
Cl       0.000000000   0.000000000   0.125394372
Cl       0.000000000   0.000000000   0.374605628
Cl       0.251699345   0.500000000   0.250000000
Cl       0.748300655   0.500000000   0.250000000
Cl       0.000000000   0.749919086   0.250000000
Cl       0.000000000   0.250080914   0.250000000
Cl       0.000000000   0.500000000   0.375535701
Cl       0.000000000   0.500000000   0.124464299
Cl       0.749919086   0.000000000   0.250000000
Cl       0.250080914   0.000000000   0.250000000
Cl       0.500000000   0.251699345   0.250000000
Cl       0.500000000   0.748300655   0.250000000
Cl       0.500000000   0.000000000   0.375535701
Cl       0.500000000   0.000000000   0.124464299
Cl       0.748742505   0.500000000   0.003288642
Cl       0.251257495   0.500000000   0.003288642
Cl       0.500000000   0.748742505   0.003288642
Cl       0.500000000   0.251257495   0.003288642
Cl       0.500000000   0.500000000   0.139352539
Cl       0.500000000   0.500000000   0.360647461
Cl       0.249777420   0.000000000   0.500522423
Cl       0.750222580  -0.000000000   0.500522423
Cl      -0.000000000   0.249777420   0.500522423
Cl       0.000000000   0.750222580   0.500522423
Cl       0.000000000   0.000000000   0.625980224
Cl       0.000000000   0.000000000   0.874019776
Cl       0.251104093   0.500000000   0.750000000
Cl       0.748895907   0.500000000   0.750000000
Cl       0.000000000   0.749106159   0.750000000
Cl       0.000000000   0.250893841   0.750000000
Cl       0.000000000   0.500000000   0.875881090
Cl       0.000000000   0.500000000   0.624118910
Cl       0.749106159   0.000000000   0.750000000
Cl       0.250893841   0.000000000   0.750000000
Cl       0.500000000   0.251104093   0.750000000
Cl       0.500000000   0.748895907   0.750000000
Cl       0.500000000   0.000000000   0.875881090
Cl       0.500000000   0.000000000   0.624118910
Cl       0.748742505   0.500000000   0.496711358
Cl       0.251257495   0.500000000   0.496711358
Cl       0.500000000   0.748742505   0.496711358
Cl       0.500000000   0.251257495   0.496711358
Cl       0.500000000   0.500000000   0.618545579
Cl       0.500000000   0.500000000   0.881454421

