CELL_PARAMETERS (angstrom)
  10.469660345   0.000000000   0.000000000
   0.000000000  10.469660345   0.000000000
   0.000000000   0.000000000  20.913632943

ATOMIC_POSITIONS (crystal)
Cs       0.251279403   0.251279403   0.126289553
Cs       0.748720597   0.748720597   0.373710447
Cs       0.748720597   0.748720597   0.126289553
Cs       0.251279403   0.251279403   0.373710447
Cs       0.748720597   0.251279403   0.373710447
Cs       0.251279403   0.748720597   0.126289553
Cs       0.251279403   0.748720597   0.373710447
Cs       0.748720597   0.251279403   0.126289553
Cs       0.250268321   0.250268321   0.624586339
Cs       0.749731679   0.749731679   0.875413661
Cs       0.749731679   0.749731679   0.624586339
Cs       0.250268321   0.250268321   0.875413661
Cs       0.749731679   0.250268321   0.875413661
Cs       0.250268321   0.749731679   0.624586339
Cs       0.250268321   0.749731679   0.875413661
Cs       0.749731679   0.250268321   0.624586339
Bi       0.000000000   0.000000000   0.000259115
Bi       0.000000000   0.500000000   0.250000000
Bi       0.500000000   0.000000000   0.250000000
Bi       0.500000000   0.500000000   0.004659961
Bi       0.000000000   0.000000000   0.499740885
Bi       0.000000000   0.500000000   0.750000000
Bi       0.500000000   0.000000000   0.750000000
Bi       0.500000000   0.500000000   0.495340039
Cu       0.500000000   0.500000000   0.250000000
Ag       0.500000000   0.000000000   0.000137023
Ag       0.000000000   0.500000000   0.000137023
Ag       0.000000000   0.000000000   0.250000000
Ag       0.500000000   0.500000000   0.750000000
Ag       0.500000000   0.000000000   0.499862977
Ag       0.000000000   0.500000000   0.499862977
Ag       0.000000000   0.000000000   0.750000000
Cl       0.254958091  -0.000000000  -0.000098044
Cl       0.745041909   0.000000000  -0.000098044
Cl      -0.000000000   0.254958091  -0.000098044
Cl       0.000000000   0.745041909  -0.000098044
Cl       0.000000000   0.000000000   0.127603770
Cl       0.000000000   0.000000000   0.372396230
Cl       0.260838387   0.500000000   0.250000000
Cl       0.739161613   0.500000000   0.250000000
Cl       0.000000000   0.754691252   0.250000000
Cl       0.000000000   0.245308748   0.250000000
Cl       0.000000000   0.500000000   0.377352724
Cl       0.000000000   0.500000000   0.122647276
Cl       0.754691252   0.000000000   0.250000000
Cl       0.245308748   0.000000000   0.250000000
Cl       0.500000000   0.260838387   0.250000000
Cl       0.500000000   0.739161613   0.250000000
Cl       0.500000000   0.000000000   0.377352724
Cl       0.500000000   0.000000000   0.122647276
Cl       0.754500234   0.500000000   0.000517428
Cl       0.245499766   0.500000000   0.000517428
Cl       0.500000000   0.754500234   0.000517428
Cl       0.500000000   0.245499766   0.000517428
Cl       0.500000000   0.500000000   0.136455775
Cl       0.500000000   0.500000000   0.363544225
Cl       0.254958091   0.000000000   0.500098044
Cl       0.745041909  -0.000000000   0.500098044
Cl       0.000000000   0.254958091   0.500098044
Cl      -0.000000000   0.745041909   0.500098044
Cl       0.000000000   0.000000000   0.627436047
Cl       0.000000000   0.000000000   0.872563953
Cl       0.255886566   0.500000000   0.750000000
Cl       0.744113434   0.500000000   0.750000000
Cl       0.000000000   0.754690032   0.750000000
Cl       0.000000000   0.245309968   0.750000000
Cl       0.000000000   0.500000000   0.877490013
Cl       0.000000000   0.500000000   0.622509987
Cl       0.754690032   0.000000000   0.750000000
Cl       0.245309968   0.000000000   0.750000000
Cl       0.500000000   0.255886566   0.750000000
Cl       0.500000000   0.744113434   0.750000000
Cl       0.500000000   0.000000000   0.877490013
Cl       0.500000000   0.000000000   0.622509987
Cl       0.754500234   0.500000000   0.499482572
Cl       0.245499766   0.500000000   0.499482572
Cl       0.500000000   0.754500234   0.499482572
Cl       0.500000000   0.245499766   0.499482572
Cl       0.500000000   0.500000000   0.623118863
Cl       0.500000000   0.500000000   0.876881137
