2003 crystal
0.0  0.0   0.0   0.000499251123315
0.0  0.001   0.001   0.000499251123315
0.0  0.002   0.002   0.000499251123315
0.0  0.003   0.003   0.000499251123315
0.0  0.004   0.004   0.000499251123315
0.0  0.005   0.005   0.000499251123315
0.0  0.006   0.006   0.000499251123315
0.0  0.007   0.007   0.000499251123315
0.0  0.008   0.008   0.000499251123315
0.0  0.009   0.009   0.000499251123315
0.0  0.01   0.01   0.000499251123315
0.0  0.011   0.011   0.000499251123315
0.0  0.012   0.012   0.000499251123315
0.0  0.013   0.013   0.000499251123315
0.0  0.014   0.014   0.000499251123315
0.0  0.015   0.015   0.000499251123315
0.0  0.016   0.016   0.000499251123315
0.0  0.017   0.017   0.000499251123315
0.0  0.018   0.018   0.000499251123315
0.0  0.019   0.019   0.000499251123315
0.0  0.02   0.02   0.000499251123315
0.0  0.021   0.021   0.000499251123315
0.0  0.022   0.022   0.000499251123315
0.0  0.023   0.023   0.000499251123315
0.0  0.024   0.024   0.000499251123315
0.0  0.025   0.025   0.000499251123315
0.0  0.026   0.026   0.000499251123315
0.0  0.027   0.027   0.000499251123315
0.0  0.028   0.028   0.000499251123315
0.0  0.029   0.029   0.000499251123315
0.0  0.03   0.03   0.000499251123315
0.0  0.031   0.031   0.000499251123315
0.0  0.032   0.032   0.000499251123315
0.0  0.033   0.033   0.000499251123315
0.0  0.034   0.034   0.000499251123315
0.0  0.035   0.035   0.000499251123315
0.0  0.036   0.036   0.000499251123315
0.0  0.037   0.037   0.000499251123315
0.0  0.038   0.038   0.000499251123315
0.0  0.039   0.039   0.000499251123315
0.0  0.04   0.04   0.000499251123315
0.0  0.041   0.041   0.000499251123315
0.0  0.042   0.042   0.000499251123315
0.0  0.043   0.043   0.000499251123315
0.0  0.044   0.044   0.000499251123315
0.0  0.045   0.045   0.000499251123315
0.0  0.046   0.046   0.000499251123315
0.0  0.047   0.047   0.000499251123315
0.0  0.048   0.048   0.000499251123315
0.0  0.049   0.049   0.000499251123315
0.0  0.05   0.05   0.000499251123315
0.0  0.051   0.051   0.000499251123315
0.0  0.052   0.052   0.000499251123315
0.0  0.053   0.053   0.000499251123315
0.0  0.054   0.054   0.000499251123315
0.0  0.055   0.055   0.000499251123315
0.0  0.056   0.056   0.000499251123315
0.0  0.057   0.057   0.000499251123315
0.0  0.058   0.058   0.000499251123315
0.0  0.059   0.059   0.000499251123315
0.0  0.06   0.06   0.000499251123315
0.0  0.061   0.061   0.000499251123315
0.0  0.062   0.062   0.000499251123315
0.0  0.063   0.063   0.000499251123315
0.0  0.064   0.064   0.000499251123315
0.0  0.065   0.065   0.000499251123315
0.0  0.066   0.066   0.000499251123315
0.0  0.067   0.067   0.000499251123315
0.0  0.068   0.068   0.000499251123315
0.0  0.069   0.069   0.000499251123315
0.0  0.07   0.07   0.000499251123315
0.0  0.071   0.071   0.000499251123315
0.0  0.072   0.072   0.000499251123315
0.0  0.073   0.073   0.000499251123315
0.0  0.074   0.074   0.000499251123315
0.0  0.075   0.075   0.000499251123315
0.0  0.076   0.076   0.000499251123315
0.0  0.077   0.077   0.000499251123315
0.0  0.078   0.078   0.000499251123315
0.0  0.079   0.079   0.000499251123315
0.0  0.08   0.08   0.000499251123315
0.0  0.081   0.081   0.000499251123315
0.0  0.082   0.082   0.000499251123315
0.0  0.083   0.083   0.000499251123315
0.0  0.084   0.084   0.000499251123315
0.0  0.085   0.085   0.000499251123315
0.0  0.086   0.086   0.000499251123315
0.0  0.087   0.087   0.000499251123315
0.0  0.088   0.088   0.000499251123315
0.0  0.089   0.089   0.000499251123315
0.0  0.09   0.09   0.000499251123315
0.0  0.091   0.091   0.000499251123315
0.0  0.092   0.092   0.000499251123315
0.0  0.093   0.093   0.000499251123315
0.0  0.094   0.094   0.000499251123315
0.0  0.095   0.095   0.000499251123315
0.0  0.096   0.096   0.000499251123315
0.0  0.097   0.097   0.000499251123315
0.0  0.098   0.098   0.000499251123315
0.0  0.099   0.099   0.000499251123315
0.0  0.1   0.1   0.000499251123315
0.0  0.101   0.101   0.000499251123315
0.0  0.102   0.102   0.000499251123315
0.0  0.103   0.103   0.000499251123315
0.0  0.104   0.104   0.000499251123315
0.0  0.105   0.105   0.000499251123315
0.0  0.106   0.106   0.000499251123315
0.0  0.107   0.107   0.000499251123315
0.0  0.108   0.108   0.000499251123315
0.0  0.109   0.109   0.000499251123315
0.0  0.11   0.11   0.000499251123315
0.0  0.111   0.111   0.000499251123315
0.0  0.112   0.112   0.000499251123315
0.0  0.113   0.113   0.000499251123315
0.0  0.114   0.114   0.000499251123315
0.0  0.115   0.115   0.000499251123315
0.0  0.116   0.116   0.000499251123315
0.0  0.117   0.117   0.000499251123315
0.0  0.118   0.118   0.000499251123315
0.0  0.119   0.119   0.000499251123315
0.0  0.12   0.12   0.000499251123315
0.0  0.121   0.121   0.000499251123315
0.0  0.122   0.122   0.000499251123315
0.0  0.123   0.123   0.000499251123315
0.0  0.124   0.124   0.000499251123315
0.0  0.125   0.125   0.000499251123315
0.0  0.126   0.126   0.000499251123315
0.0  0.127   0.127   0.000499251123315
0.0  0.128   0.128   0.000499251123315
0.0  0.129   0.129   0.000499251123315
0.0  0.13   0.13   0.000499251123315
0.0  0.131   0.131   0.000499251123315
0.0  0.132   0.132   0.000499251123315
0.0  0.133   0.133   0.000499251123315
0.0  0.134   0.134   0.000499251123315
0.0  0.135   0.135   0.000499251123315
0.0  0.136   0.136   0.000499251123315
0.0  0.137   0.137   0.000499251123315
0.0  0.138   0.138   0.000499251123315
0.0  0.139   0.139   0.000499251123315
0.0  0.14   0.14   0.000499251123315
0.0  0.141   0.141   0.000499251123315
0.0  0.142   0.142   0.000499251123315
0.0  0.143   0.143   0.000499251123315
0.0  0.144   0.144   0.000499251123315
0.0  0.145   0.145   0.000499251123315
0.0  0.146   0.146   0.000499251123315
0.0  0.147   0.147   0.000499251123315
0.0  0.148   0.148   0.000499251123315
0.0  0.149   0.149   0.000499251123315
0.0  0.15   0.15   0.000499251123315
0.0  0.151   0.151   0.000499251123315
0.0  0.152   0.152   0.000499251123315
0.0  0.153   0.153   0.000499251123315
0.0  0.154   0.154   0.000499251123315
0.0  0.155   0.155   0.000499251123315
0.0  0.156   0.156   0.000499251123315
0.0  0.157   0.157   0.000499251123315
0.0  0.158   0.158   0.000499251123315
0.0  0.159   0.159   0.000499251123315
0.0  0.16   0.16   0.000499251123315
0.0  0.161   0.161   0.000499251123315
0.0  0.162   0.162   0.000499251123315
0.0  0.163   0.163   0.000499251123315
0.0  0.164   0.164   0.000499251123315
0.0  0.165   0.165   0.000499251123315
0.0  0.166   0.166   0.000499251123315
0.0  0.167   0.167   0.000499251123315
0.0  0.168   0.168   0.000499251123315
0.0  0.169   0.169   0.000499251123315
0.0  0.17   0.17   0.000499251123315
0.0  0.171   0.171   0.000499251123315
0.0  0.172   0.172   0.000499251123315
0.0  0.173   0.173   0.000499251123315
0.0  0.174   0.174   0.000499251123315
0.0  0.175   0.175   0.000499251123315
0.0  0.176   0.176   0.000499251123315
0.0  0.177   0.177   0.000499251123315
0.0  0.178   0.178   0.000499251123315
0.0  0.179   0.179   0.000499251123315
0.0  0.18   0.18   0.000499251123315
0.0  0.181   0.181   0.000499251123315
0.0  0.182   0.182   0.000499251123315
0.0  0.183   0.183   0.000499251123315
0.0  0.184   0.184   0.000499251123315
0.0  0.185   0.185   0.000499251123315
0.0  0.186   0.186   0.000499251123315
0.0  0.187   0.187   0.000499251123315
0.0  0.188   0.188   0.000499251123315
0.0  0.189   0.189   0.000499251123315
0.0  0.19   0.19   0.000499251123315
0.0  0.191   0.191   0.000499251123315
0.0  0.192   0.192   0.000499251123315
0.0  0.193   0.193   0.000499251123315
0.0  0.194   0.194   0.000499251123315
0.0  0.195   0.195   0.000499251123315
0.0  0.196   0.196   0.000499251123315
0.0  0.197   0.197   0.000499251123315
0.0  0.198   0.198   0.000499251123315
0.0  0.199   0.199   0.000499251123315
0.0  0.2   0.2   0.000499251123315
0.0  0.201   0.201   0.000499251123315
0.0  0.202   0.202   0.000499251123315
0.0  0.203   0.203   0.000499251123315
0.0  0.204   0.204   0.000499251123315
0.0  0.205   0.205   0.000499251123315
0.0  0.206   0.206   0.000499251123315
0.0  0.207   0.207   0.000499251123315
0.0  0.208   0.208   0.000499251123315
0.0  0.209   0.209   0.000499251123315
0.0  0.21   0.21   0.000499251123315
0.0  0.211   0.211   0.000499251123315
0.0  0.212   0.212   0.000499251123315
0.0  0.213   0.213   0.000499251123315
0.0  0.214   0.214   0.000499251123315
0.0  0.215   0.215   0.000499251123315
0.0  0.216   0.216   0.000499251123315
0.0  0.217   0.217   0.000499251123315
0.0  0.218   0.218   0.000499251123315
0.0  0.219   0.219   0.000499251123315
0.0  0.22   0.22   0.000499251123315
0.0  0.221   0.221   0.000499251123315
0.0  0.222   0.222   0.000499251123315
0.0  0.223   0.223   0.000499251123315
0.0  0.224   0.224   0.000499251123315
0.0  0.225   0.225   0.000499251123315
0.0  0.226   0.226   0.000499251123315
0.0  0.227   0.227   0.000499251123315
0.0  0.228   0.228   0.000499251123315
0.0  0.229   0.229   0.000499251123315
0.0  0.23   0.23   0.000499251123315
0.0  0.231   0.231   0.000499251123315
0.0  0.232   0.232   0.000499251123315
0.0  0.233   0.233   0.000499251123315
0.0  0.234   0.234   0.000499251123315
0.0  0.235   0.235   0.000499251123315
0.0  0.236   0.236   0.000499251123315
0.0  0.237   0.237   0.000499251123315
0.0  0.238   0.238   0.000499251123315
0.0  0.239   0.239   0.000499251123315
0.0  0.24   0.24   0.000499251123315
0.0  0.241   0.241   0.000499251123315
0.0  0.242   0.242   0.000499251123315
0.0  0.243   0.243   0.000499251123315
0.0  0.244   0.244   0.000499251123315
0.0  0.245   0.245   0.000499251123315
0.0  0.246   0.246   0.000499251123315
0.0  0.247   0.247   0.000499251123315
0.0  0.248   0.248   0.000499251123315
0.0  0.249   0.249   0.000499251123315
0.0  0.25   0.25   0.000499251123315
0.0  0.251   0.251   0.000499251123315
0.0  0.252   0.252   0.000499251123315
0.0  0.253   0.253   0.000499251123315
0.0  0.254   0.254   0.000499251123315
0.0  0.255   0.255   0.000499251123315
0.0  0.256   0.256   0.000499251123315
0.0  0.257   0.257   0.000499251123315
0.0  0.258   0.258   0.000499251123315
0.0  0.259   0.259   0.000499251123315
0.0  0.26   0.26   0.000499251123315
0.0  0.261   0.261   0.000499251123315
0.0  0.262   0.262   0.000499251123315
0.0  0.263   0.263   0.000499251123315
0.0  0.264   0.264   0.000499251123315
0.0  0.265   0.265   0.000499251123315
0.0  0.266   0.266   0.000499251123315
0.0  0.267   0.267   0.000499251123315
0.0  0.268   0.268   0.000499251123315
0.0  0.269   0.269   0.000499251123315
0.0  0.27   0.27   0.000499251123315
0.0  0.271   0.271   0.000499251123315
0.0  0.272   0.272   0.000499251123315
0.0  0.273   0.273   0.000499251123315
0.0  0.274   0.274   0.000499251123315
0.0  0.275   0.275   0.000499251123315
0.0  0.276   0.276   0.000499251123315
0.0  0.277   0.277   0.000499251123315
0.0  0.278   0.278   0.000499251123315
0.0  0.279   0.279   0.000499251123315
0.0  0.28   0.28   0.000499251123315
0.0  0.281   0.281   0.000499251123315
0.0  0.282   0.282   0.000499251123315
0.0  0.283   0.283   0.000499251123315
0.0  0.284   0.284   0.000499251123315
0.0  0.285   0.285   0.000499251123315
0.0  0.286   0.286   0.000499251123315
0.0  0.287   0.287   0.000499251123315
0.0  0.288   0.288   0.000499251123315
0.0  0.289   0.289   0.000499251123315
0.0  0.29   0.29   0.000499251123315
0.0  0.291   0.291   0.000499251123315
0.0  0.292   0.292   0.000499251123315
0.0  0.293   0.293   0.000499251123315
0.0  0.294   0.294   0.000499251123315
0.0  0.295   0.295   0.000499251123315
0.0  0.296   0.296   0.000499251123315
0.0  0.297   0.297   0.000499251123315
0.0  0.298   0.298   0.000499251123315
0.0  0.299   0.299   0.000499251123315
0.0  0.3   0.3   0.000499251123315
0.0  0.301   0.301   0.000499251123315
0.0  0.302   0.302   0.000499251123315
0.0  0.303   0.303   0.000499251123315
0.0  0.304   0.304   0.000499251123315
0.0  0.305   0.305   0.000499251123315
0.0  0.306   0.306   0.000499251123315
0.0  0.307   0.307   0.000499251123315
0.0  0.308   0.308   0.000499251123315
0.0  0.309   0.309   0.000499251123315
0.0  0.31   0.31   0.000499251123315
0.0  0.311   0.311   0.000499251123315
0.0  0.312   0.312   0.000499251123315
0.0  0.313   0.313   0.000499251123315
0.0  0.314   0.314   0.000499251123315
0.0  0.315   0.315   0.000499251123315
0.0  0.316   0.316   0.000499251123315
0.0  0.317   0.317   0.000499251123315
0.0  0.318   0.318   0.000499251123315
0.0  0.319   0.319   0.000499251123315
0.0  0.32   0.32   0.000499251123315
0.0  0.321   0.321   0.000499251123315
0.0  0.322   0.322   0.000499251123315
0.0  0.323   0.323   0.000499251123315
0.0  0.324   0.324   0.000499251123315
0.0  0.325   0.325   0.000499251123315
0.0  0.326   0.326   0.000499251123315
0.0  0.327   0.327   0.000499251123315
0.0  0.328   0.328   0.000499251123315
0.0  0.329   0.329   0.000499251123315
0.0  0.33   0.33   0.000499251123315
0.0  0.331   0.331   0.000499251123315
0.0  0.332   0.332   0.000499251123315
0.0  0.333   0.333   0.000499251123315
0.0  0.334   0.334   0.000499251123315
0.0  0.335   0.335   0.000499251123315
0.0  0.336   0.336   0.000499251123315
0.0  0.337   0.337   0.000499251123315
0.0  0.338   0.338   0.000499251123315
0.0  0.339   0.339   0.000499251123315
0.0  0.34   0.34   0.000499251123315
0.0  0.341   0.341   0.000499251123315
0.0  0.342   0.342   0.000499251123315
0.0  0.343   0.343   0.000499251123315
0.0  0.344   0.344   0.000499251123315
0.0  0.345   0.345   0.000499251123315
0.0  0.346   0.346   0.000499251123315
0.0  0.347   0.347   0.000499251123315
0.0  0.348   0.348   0.000499251123315
0.0  0.349   0.349   0.000499251123315
0.0  0.35   0.35   0.000499251123315
0.0  0.351   0.351   0.000499251123315
0.0  0.352   0.352   0.000499251123315
0.0  0.353   0.353   0.000499251123315
0.0  0.354   0.354   0.000499251123315
0.0  0.355   0.355   0.000499251123315
0.0  0.356   0.356   0.000499251123315
0.0  0.357   0.357   0.000499251123315
0.0  0.358   0.358   0.000499251123315
0.0  0.359   0.359   0.000499251123315
0.0  0.36   0.36   0.000499251123315
0.0  0.361   0.361   0.000499251123315
0.0  0.362   0.362   0.000499251123315
0.0  0.363   0.363   0.000499251123315
0.0  0.364   0.364   0.000499251123315
0.0  0.365   0.365   0.000499251123315
0.0  0.366   0.366   0.000499251123315
0.0  0.367   0.367   0.000499251123315
0.0  0.368   0.368   0.000499251123315
0.0  0.369   0.369   0.000499251123315
0.0  0.37   0.37   0.000499251123315
0.0  0.371   0.371   0.000499251123315
0.0  0.372   0.372   0.000499251123315
0.0  0.373   0.373   0.000499251123315
0.0  0.374   0.374   0.000499251123315
0.0  0.375   0.375   0.000499251123315
0.0  0.376   0.376   0.000499251123315
0.0  0.377   0.377   0.000499251123315
0.0  0.378   0.378   0.000499251123315
0.0  0.379   0.379   0.000499251123315
0.0  0.38   0.38   0.000499251123315
0.0  0.381   0.381   0.000499251123315
0.0  0.382   0.382   0.000499251123315
0.0  0.383   0.383   0.000499251123315
0.0  0.384   0.384   0.000499251123315
0.0  0.385   0.385   0.000499251123315
0.0  0.386   0.386   0.000499251123315
0.0  0.387   0.387   0.000499251123315
0.0  0.388   0.388   0.000499251123315
0.0  0.389   0.389   0.000499251123315
0.0  0.39   0.39   0.000499251123315
0.0  0.391   0.391   0.000499251123315
0.0  0.392   0.392   0.000499251123315
0.0  0.393   0.393   0.000499251123315
0.0  0.394   0.394   0.000499251123315
0.0  0.395   0.395   0.000499251123315
0.0  0.396   0.396   0.000499251123315
0.0  0.397   0.397   0.000499251123315
0.0  0.398   0.398   0.000499251123315
0.0  0.399   0.399   0.000499251123315
0.0  0.4   0.4   0.000499251123315
0.0  0.401   0.401   0.000499251123315
0.0  0.402   0.402   0.000499251123315
0.0  0.403   0.403   0.000499251123315
0.0  0.404   0.404   0.000499251123315
0.0  0.405   0.405   0.000499251123315
0.0  0.406   0.406   0.000499251123315
0.0  0.407   0.407   0.000499251123315
0.0  0.408   0.408   0.000499251123315
0.0  0.409   0.409   0.000499251123315
0.0  0.41   0.41   0.000499251123315
0.0  0.411   0.411   0.000499251123315
0.0  0.412   0.412   0.000499251123315
0.0  0.413   0.413   0.000499251123315
0.0  0.414   0.414   0.000499251123315
0.0  0.415   0.415   0.000499251123315
0.0  0.416   0.416   0.000499251123315
0.0  0.417   0.417   0.000499251123315
0.0  0.418   0.418   0.000499251123315
0.0  0.419   0.419   0.000499251123315
0.0  0.42   0.42   0.000499251123315
0.0  0.421   0.421   0.000499251123315
0.0  0.422   0.422   0.000499251123315
0.0  0.423   0.423   0.000499251123315
0.0  0.424   0.424   0.000499251123315
0.0  0.425   0.425   0.000499251123315
0.0  0.426   0.426   0.000499251123315
0.0  0.427   0.427   0.000499251123315
0.0  0.428   0.428   0.000499251123315
0.0  0.429   0.429   0.000499251123315
0.0  0.43   0.43   0.000499251123315
0.0  0.431   0.431   0.000499251123315
0.0  0.432   0.432   0.000499251123315
0.0  0.433   0.433   0.000499251123315
0.0  0.434   0.434   0.000499251123315
0.0  0.435   0.435   0.000499251123315
0.0  0.436   0.436   0.000499251123315
0.0  0.437   0.437   0.000499251123315
0.0  0.438   0.438   0.000499251123315
0.0  0.439   0.439   0.000499251123315
0.0  0.44   0.44   0.000499251123315
0.0  0.441   0.441   0.000499251123315
0.0  0.442   0.442   0.000499251123315
0.0  0.443   0.443   0.000499251123315
0.0  0.444   0.444   0.000499251123315
0.0  0.445   0.445   0.000499251123315
0.0  0.446   0.446   0.000499251123315
0.0  0.447   0.447   0.000499251123315
0.0  0.448   0.448   0.000499251123315
0.0  0.449   0.449   0.000499251123315
0.0  0.45   0.45   0.000499251123315
0.0  0.451   0.451   0.000499251123315
0.0  0.452   0.452   0.000499251123315
0.0  0.453   0.453   0.000499251123315
0.0  0.454   0.454   0.000499251123315
0.0  0.455   0.455   0.000499251123315
0.0  0.456   0.456   0.000499251123315
0.0  0.457   0.457   0.000499251123315
0.0  0.458   0.458   0.000499251123315
0.0  0.459   0.459   0.000499251123315
0.0  0.46   0.46   0.000499251123315
0.0  0.461   0.461   0.000499251123315
0.0  0.462   0.462   0.000499251123315
0.0  0.463   0.463   0.000499251123315
0.0  0.464   0.464   0.000499251123315
0.0  0.465   0.465   0.000499251123315
0.0  0.466   0.466   0.000499251123315
0.0  0.467   0.467   0.000499251123315
0.0  0.468   0.468   0.000499251123315
0.0  0.469   0.469   0.000499251123315
0.0  0.47   0.47   0.000499251123315
0.0  0.471   0.471   0.000499251123315
0.0  0.472   0.472   0.000499251123315
0.0  0.473   0.473   0.000499251123315
0.0  0.474   0.474   0.000499251123315
0.0  0.475   0.475   0.000499251123315
0.0  0.476   0.476   0.000499251123315
0.0  0.477   0.477   0.000499251123315
0.0  0.478   0.478   0.000499251123315
0.0  0.479   0.479   0.000499251123315
0.0  0.48   0.48   0.000499251123315
0.0  0.481   0.481   0.000499251123315
0.0  0.482   0.482   0.000499251123315
0.0  0.483   0.483   0.000499251123315
0.0  0.484   0.484   0.000499251123315
0.0  0.485   0.485   0.000499251123315
0.0  0.486   0.486   0.000499251123315
0.0  0.487   0.487   0.000499251123315
0.0  0.488   0.488   0.000499251123315
0.0  0.489   0.489   0.000499251123315
0.0  0.49   0.49   0.000499251123315
0.0  0.491   0.491   0.000499251123315
0.0  0.492   0.492   0.000499251123315
0.0  0.493   0.493   0.000499251123315
0.0  0.494   0.494   0.000499251123315
0.0  0.495   0.495   0.000499251123315
0.0  0.496   0.496   0.000499251123315
0.0  0.497   0.497   0.000499251123315
0.0  0.498   0.498   0.000499251123315
0.0  0.499   0.499   0.000499251123315
0.0  0.5   0.5   0.000499251123315
0.0   0.0   0.0   0.000499251123315
0.001   0.001   0.001   0.000499251123315
0.002   0.002   0.002   0.000499251123315
0.003   0.003   0.003   0.000499251123315
0.004   0.004   0.004   0.000499251123315
0.005   0.005   0.005   0.000499251123315
0.006   0.006   0.006   0.000499251123315
0.007   0.007   0.007   0.000499251123315
0.008   0.008   0.008   0.000499251123315
0.009   0.009   0.009   0.000499251123315
0.01   0.01   0.01   0.000499251123315
0.011   0.011   0.011   0.000499251123315
0.012   0.012   0.012   0.000499251123315
0.013   0.013   0.013   0.000499251123315
0.014   0.014   0.014   0.000499251123315
0.015   0.015   0.015   0.000499251123315
0.016   0.016   0.016   0.000499251123315
0.017   0.017   0.017   0.000499251123315
0.018   0.018   0.018   0.000499251123315
0.019   0.019   0.019   0.000499251123315
0.02   0.02   0.02   0.000499251123315
0.021   0.021   0.021   0.000499251123315
0.022   0.022   0.022   0.000499251123315
0.023   0.023   0.023   0.000499251123315
0.024   0.024   0.024   0.000499251123315
0.025   0.025   0.025   0.000499251123315
0.026   0.026   0.026   0.000499251123315
0.027   0.027   0.027   0.000499251123315
0.028   0.028   0.028   0.000499251123315
0.029   0.029   0.029   0.000499251123315
0.03   0.03   0.03   0.000499251123315
0.031   0.031   0.031   0.000499251123315
0.032   0.032   0.032   0.000499251123315
0.033   0.033   0.033   0.000499251123315
0.034   0.034   0.034   0.000499251123315
0.035   0.035   0.035   0.000499251123315
0.036   0.036   0.036   0.000499251123315
0.037   0.037   0.037   0.000499251123315
0.038   0.038   0.038   0.000499251123315
0.039   0.039   0.039   0.000499251123315
0.04   0.04   0.04   0.000499251123315
0.041   0.041   0.041   0.000499251123315
0.042   0.042   0.042   0.000499251123315
0.043   0.043   0.043   0.000499251123315
0.044   0.044   0.044   0.000499251123315
0.045   0.045   0.045   0.000499251123315
0.046   0.046   0.046   0.000499251123315
0.047   0.047   0.047   0.000499251123315
0.048   0.048   0.048   0.000499251123315
0.049   0.049   0.049   0.000499251123315
0.05   0.05   0.05   0.000499251123315
0.051   0.051   0.051   0.000499251123315
0.052   0.052   0.052   0.000499251123315
0.053   0.053   0.053   0.000499251123315
0.054   0.054   0.054   0.000499251123315
0.055   0.055   0.055   0.000499251123315
0.056   0.056   0.056   0.000499251123315
0.057   0.057   0.057   0.000499251123315
0.058   0.058   0.058   0.000499251123315
0.059   0.059   0.059   0.000499251123315
0.06   0.06   0.06   0.000499251123315
0.061   0.061   0.061   0.000499251123315
0.062   0.062   0.062   0.000499251123315
0.063   0.063   0.063   0.000499251123315
0.064   0.064   0.064   0.000499251123315
0.065   0.065   0.065   0.000499251123315
0.066   0.066   0.066   0.000499251123315
0.067   0.067   0.067   0.000499251123315
0.068   0.068   0.068   0.000499251123315
0.069   0.069   0.069   0.000499251123315
0.07   0.07   0.07   0.000499251123315
0.071   0.071   0.071   0.000499251123315
0.072   0.072   0.072   0.000499251123315
0.073   0.073   0.073   0.000499251123315
0.074   0.074   0.074   0.000499251123315
0.075   0.075   0.075   0.000499251123315
0.076   0.076   0.076   0.000499251123315
0.077   0.077   0.077   0.000499251123315
0.078   0.078   0.078   0.000499251123315
0.079   0.079   0.079   0.000499251123315
0.08   0.08   0.08   0.000499251123315
0.081   0.081   0.081   0.000499251123315
0.082   0.082   0.082   0.000499251123315
0.083   0.083   0.083   0.000499251123315
0.084   0.084   0.084   0.000499251123315
0.085   0.085   0.085   0.000499251123315
0.086   0.086   0.086   0.000499251123315
0.087   0.087   0.087   0.000499251123315
0.088   0.088   0.088   0.000499251123315
0.089   0.089   0.089   0.000499251123315
0.09   0.09   0.09   0.000499251123315
0.091   0.091   0.091   0.000499251123315
0.092   0.092   0.092   0.000499251123315
0.093   0.093   0.093   0.000499251123315
0.094   0.094   0.094   0.000499251123315
0.095   0.095   0.095   0.000499251123315
0.096   0.096   0.096   0.000499251123315
0.097   0.097   0.097   0.000499251123315
0.098   0.098   0.098   0.000499251123315
0.099   0.099   0.099   0.000499251123315
0.1   0.1   0.1   0.000499251123315
0.101   0.101   0.101   0.000499251123315
0.102   0.102   0.102   0.000499251123315
0.103   0.103   0.103   0.000499251123315
0.104   0.104   0.104   0.000499251123315
0.105   0.105   0.105   0.000499251123315
0.106   0.106   0.106   0.000499251123315
0.107   0.107   0.107   0.000499251123315
0.108   0.108   0.108   0.000499251123315
0.109   0.109   0.109   0.000499251123315
0.11   0.11   0.11   0.000499251123315
0.111   0.111   0.111   0.000499251123315
0.112   0.112   0.112   0.000499251123315
0.113   0.113   0.113   0.000499251123315
0.114   0.114   0.114   0.000499251123315
0.115   0.115   0.115   0.000499251123315
0.116   0.116   0.116   0.000499251123315
0.117   0.117   0.117   0.000499251123315
0.118   0.118   0.118   0.000499251123315
0.119   0.119   0.119   0.000499251123315
0.12   0.12   0.12   0.000499251123315
0.121   0.121   0.121   0.000499251123315
0.122   0.122   0.122   0.000499251123315
0.123   0.123   0.123   0.000499251123315
0.124   0.124   0.124   0.000499251123315
0.125   0.125   0.125   0.000499251123315
0.126   0.126   0.126   0.000499251123315
0.127   0.127   0.127   0.000499251123315
0.128   0.128   0.128   0.000499251123315
0.129   0.129   0.129   0.000499251123315
0.13   0.13   0.13   0.000499251123315
0.131   0.131   0.131   0.000499251123315
0.132   0.132   0.132   0.000499251123315
0.133   0.133   0.133   0.000499251123315
0.134   0.134   0.134   0.000499251123315
0.135   0.135   0.135   0.000499251123315
0.136   0.136   0.136   0.000499251123315
0.137   0.137   0.137   0.000499251123315
0.138   0.138   0.138   0.000499251123315
0.139   0.139   0.139   0.000499251123315
0.14   0.14   0.14   0.000499251123315
0.141   0.141   0.141   0.000499251123315
0.142   0.142   0.142   0.000499251123315
0.143   0.143   0.143   0.000499251123315
0.144   0.144   0.144   0.000499251123315
0.145   0.145   0.145   0.000499251123315
0.146   0.146   0.146   0.000499251123315
0.147   0.147   0.147   0.000499251123315
0.148   0.148   0.148   0.000499251123315
0.149   0.149   0.149   0.000499251123315
0.15   0.15   0.15   0.000499251123315
0.151   0.151   0.151   0.000499251123315
0.152   0.152   0.152   0.000499251123315
0.153   0.153   0.153   0.000499251123315
0.154   0.154   0.154   0.000499251123315
0.155   0.155   0.155   0.000499251123315
0.156   0.156   0.156   0.000499251123315
0.157   0.157   0.157   0.000499251123315
0.158   0.158   0.158   0.000499251123315
0.159   0.159   0.159   0.000499251123315
0.16   0.16   0.16   0.000499251123315
0.161   0.161   0.161   0.000499251123315
0.162   0.162   0.162   0.000499251123315
0.163   0.163   0.163   0.000499251123315
0.164   0.164   0.164   0.000499251123315
0.165   0.165   0.165   0.000499251123315
0.166   0.166   0.166   0.000499251123315
0.167   0.167   0.167   0.000499251123315
0.168   0.168   0.168   0.000499251123315
0.169   0.169   0.169   0.000499251123315
0.17   0.17   0.17   0.000499251123315
0.171   0.171   0.171   0.000499251123315
0.172   0.172   0.172   0.000499251123315
0.173   0.173   0.173   0.000499251123315
0.174   0.174   0.174   0.000499251123315
0.175   0.175   0.175   0.000499251123315
0.176   0.176   0.176   0.000499251123315
0.177   0.177   0.177   0.000499251123315
0.178   0.178   0.178   0.000499251123315
0.179   0.179   0.179   0.000499251123315
0.18   0.18   0.18   0.000499251123315
0.181   0.181   0.181   0.000499251123315
0.182   0.182   0.182   0.000499251123315
0.183   0.183   0.183   0.000499251123315
0.184   0.184   0.184   0.000499251123315
0.185   0.185   0.185   0.000499251123315
0.186   0.186   0.186   0.000499251123315
0.187   0.187   0.187   0.000499251123315
0.188   0.188   0.188   0.000499251123315
0.189   0.189   0.189   0.000499251123315
0.19   0.19   0.19   0.000499251123315
0.191   0.191   0.191   0.000499251123315
0.192   0.192   0.192   0.000499251123315
0.193   0.193   0.193   0.000499251123315
0.194   0.194   0.194   0.000499251123315
0.195   0.195   0.195   0.000499251123315
0.196   0.196   0.196   0.000499251123315
0.197   0.197   0.197   0.000499251123315
0.198   0.198   0.198   0.000499251123315
0.199   0.199   0.199   0.000499251123315
0.2   0.2   0.2   0.000499251123315
0.201   0.201   0.201   0.000499251123315
0.202   0.202   0.202   0.000499251123315
0.203   0.203   0.203   0.000499251123315
0.204   0.204   0.204   0.000499251123315
0.205   0.205   0.205   0.000499251123315
0.206   0.206   0.206   0.000499251123315
0.207   0.207   0.207   0.000499251123315
0.208   0.208   0.208   0.000499251123315
0.209   0.209   0.209   0.000499251123315
0.21   0.21   0.21   0.000499251123315
0.211   0.211   0.211   0.000499251123315
0.212   0.212   0.212   0.000499251123315
0.213   0.213   0.213   0.000499251123315
0.214   0.214   0.214   0.000499251123315
0.215   0.215   0.215   0.000499251123315
0.216   0.216   0.216   0.000499251123315
0.217   0.217   0.217   0.000499251123315
0.218   0.218   0.218   0.000499251123315
0.219   0.219   0.219   0.000499251123315
0.22   0.22   0.22   0.000499251123315
0.221   0.221   0.221   0.000499251123315
0.222   0.222   0.222   0.000499251123315
0.223   0.223   0.223   0.000499251123315
0.224   0.224   0.224   0.000499251123315
0.225   0.225   0.225   0.000499251123315
0.226   0.226   0.226   0.000499251123315
0.227   0.227   0.227   0.000499251123315
0.228   0.228   0.228   0.000499251123315
0.229   0.229   0.229   0.000499251123315
0.23   0.23   0.23   0.000499251123315
0.231   0.231   0.231   0.000499251123315
0.232   0.232   0.232   0.000499251123315
0.233   0.233   0.233   0.000499251123315
0.234   0.234   0.234   0.000499251123315
0.235   0.235   0.235   0.000499251123315
0.236   0.236   0.236   0.000499251123315
0.237   0.237   0.237   0.000499251123315
0.238   0.238   0.238   0.000499251123315
0.239   0.239   0.239   0.000499251123315
0.24   0.24   0.24   0.000499251123315
0.241   0.241   0.241   0.000499251123315
0.242   0.242   0.242   0.000499251123315
0.243   0.243   0.243   0.000499251123315
0.244   0.244   0.244   0.000499251123315
0.245   0.245   0.245   0.000499251123315
0.246   0.246   0.246   0.000499251123315
0.247   0.247   0.247   0.000499251123315
0.248   0.248   0.248   0.000499251123315
0.249   0.249   0.249   0.000499251123315
0.25   0.25   0.25   0.000499251123315
0.251   0.251   0.251   0.000499251123315
0.252   0.252   0.252   0.000499251123315
0.253   0.253   0.253   0.000499251123315
0.254   0.254   0.254   0.000499251123315
0.255   0.255   0.255   0.000499251123315
0.256   0.256   0.256   0.000499251123315
0.257   0.257   0.257   0.000499251123315
0.258   0.258   0.258   0.000499251123315
0.259   0.259   0.259   0.000499251123315
0.26   0.26   0.26   0.000499251123315
0.261   0.261   0.261   0.000499251123315
0.262   0.262   0.262   0.000499251123315
0.263   0.263   0.263   0.000499251123315
0.264   0.264   0.264   0.000499251123315
0.265   0.265   0.265   0.000499251123315
0.266   0.266   0.266   0.000499251123315
0.267   0.267   0.267   0.000499251123315
0.268   0.268   0.268   0.000499251123315
0.269   0.269   0.269   0.000499251123315
0.27   0.27   0.27   0.000499251123315
0.271   0.271   0.271   0.000499251123315
0.272   0.272   0.272   0.000499251123315
0.273   0.273   0.273   0.000499251123315
0.274   0.274   0.274   0.000499251123315
0.275   0.275   0.275   0.000499251123315
0.276   0.276   0.276   0.000499251123315
0.277   0.277   0.277   0.000499251123315
0.278   0.278   0.278   0.000499251123315
0.279   0.279   0.279   0.000499251123315
0.28   0.28   0.28   0.000499251123315
0.281   0.281   0.281   0.000499251123315
0.282   0.282   0.282   0.000499251123315
0.283   0.283   0.283   0.000499251123315
0.284   0.284   0.284   0.000499251123315
0.285   0.285   0.285   0.000499251123315
0.286   0.286   0.286   0.000499251123315
0.287   0.287   0.287   0.000499251123315
0.288   0.288   0.288   0.000499251123315
0.289   0.289   0.289   0.000499251123315
0.29   0.29   0.29   0.000499251123315
0.291   0.291   0.291   0.000499251123315
0.292   0.292   0.292   0.000499251123315
0.293   0.293   0.293   0.000499251123315
0.294   0.294   0.294   0.000499251123315
0.295   0.295   0.295   0.000499251123315
0.296   0.296   0.296   0.000499251123315
0.297   0.297   0.297   0.000499251123315
0.298   0.298   0.298   0.000499251123315
0.299   0.299   0.299   0.000499251123315
0.3   0.3   0.3   0.000499251123315
0.301   0.301   0.301   0.000499251123315
0.302   0.302   0.302   0.000499251123315
0.303   0.303   0.303   0.000499251123315
0.304   0.304   0.304   0.000499251123315
0.305   0.305   0.305   0.000499251123315
0.306   0.306   0.306   0.000499251123315
0.307   0.307   0.307   0.000499251123315
0.308   0.308   0.308   0.000499251123315
0.309   0.309   0.309   0.000499251123315
0.31   0.31   0.31   0.000499251123315
0.311   0.311   0.311   0.000499251123315
0.312   0.312   0.312   0.000499251123315
0.313   0.313   0.313   0.000499251123315
0.314   0.314   0.314   0.000499251123315
0.315   0.315   0.315   0.000499251123315
0.316   0.316   0.316   0.000499251123315
0.317   0.317   0.317   0.000499251123315
0.318   0.318   0.318   0.000499251123315
0.319   0.319   0.319   0.000499251123315
0.32   0.32   0.32   0.000499251123315
0.321   0.321   0.321   0.000499251123315
0.322   0.322   0.322   0.000499251123315
0.323   0.323   0.323   0.000499251123315
0.324   0.324   0.324   0.000499251123315
0.325   0.325   0.325   0.000499251123315
0.326   0.326   0.326   0.000499251123315
0.327   0.327   0.327   0.000499251123315
0.328   0.328   0.328   0.000499251123315
0.329   0.329   0.329   0.000499251123315
0.33   0.33   0.33   0.000499251123315
0.331   0.331   0.331   0.000499251123315
0.332   0.332   0.332   0.000499251123315
0.333   0.333   0.333   0.000499251123315
0.334   0.334   0.334   0.000499251123315
0.335   0.335   0.335   0.000499251123315
0.336   0.336   0.336   0.000499251123315
0.337   0.337   0.337   0.000499251123315
0.338   0.338   0.338   0.000499251123315
0.339   0.339   0.339   0.000499251123315
0.34   0.34   0.34   0.000499251123315
0.341   0.341   0.341   0.000499251123315
0.342   0.342   0.342   0.000499251123315
0.343   0.343   0.343   0.000499251123315
0.344   0.344   0.344   0.000499251123315
0.345   0.345   0.345   0.000499251123315
0.346   0.346   0.346   0.000499251123315
0.347   0.347   0.347   0.000499251123315
0.348   0.348   0.348   0.000499251123315
0.349   0.349   0.349   0.000499251123315
0.35   0.35   0.35   0.000499251123315
0.351   0.351   0.351   0.000499251123315
0.352   0.352   0.352   0.000499251123315
0.353   0.353   0.353   0.000499251123315
0.354   0.354   0.354   0.000499251123315
0.355   0.355   0.355   0.000499251123315
0.356   0.356   0.356   0.000499251123315
0.357   0.357   0.357   0.000499251123315
0.358   0.358   0.358   0.000499251123315
0.359   0.359   0.359   0.000499251123315
0.36   0.36   0.36   0.000499251123315
0.361   0.361   0.361   0.000499251123315
0.362   0.362   0.362   0.000499251123315
0.363   0.363   0.363   0.000499251123315
0.364   0.364   0.364   0.000499251123315
0.365   0.365   0.365   0.000499251123315
0.366   0.366   0.366   0.000499251123315
0.367   0.367   0.367   0.000499251123315
0.368   0.368   0.368   0.000499251123315
0.369   0.369   0.369   0.000499251123315
0.37   0.37   0.37   0.000499251123315
0.371   0.371   0.371   0.000499251123315
0.372   0.372   0.372   0.000499251123315
0.373   0.373   0.373   0.000499251123315
0.374   0.374   0.374   0.000499251123315
0.375   0.375   0.375   0.000499251123315
0.376   0.376   0.376   0.000499251123315
0.377   0.377   0.377   0.000499251123315
0.378   0.378   0.378   0.000499251123315
0.379   0.379   0.379   0.000499251123315
0.38   0.38   0.38   0.000499251123315
0.381   0.381   0.381   0.000499251123315
0.382   0.382   0.382   0.000499251123315
0.383   0.383   0.383   0.000499251123315
0.384   0.384   0.384   0.000499251123315
0.385   0.385   0.385   0.000499251123315
0.386   0.386   0.386   0.000499251123315
0.387   0.387   0.387   0.000499251123315
0.388   0.388   0.388   0.000499251123315
0.389   0.389   0.389   0.000499251123315
0.39   0.39   0.39   0.000499251123315
0.391   0.391   0.391   0.000499251123315
0.392   0.392   0.392   0.000499251123315
0.393   0.393   0.393   0.000499251123315
0.394   0.394   0.394   0.000499251123315
0.395   0.395   0.395   0.000499251123315
0.396   0.396   0.396   0.000499251123315
0.397   0.397   0.397   0.000499251123315
0.398   0.398   0.398   0.000499251123315
0.399   0.399   0.399   0.000499251123315
0.4   0.4   0.4   0.000499251123315
0.401   0.401   0.401   0.000499251123315
0.402   0.402   0.402   0.000499251123315
0.403   0.403   0.403   0.000499251123315
0.404   0.404   0.404   0.000499251123315
0.405   0.405   0.405   0.000499251123315
0.406   0.406   0.406   0.000499251123315
0.407   0.407   0.407   0.000499251123315
0.408   0.408   0.408   0.000499251123315
0.409   0.409   0.409   0.000499251123315
0.41   0.41   0.41   0.000499251123315
0.411   0.411   0.411   0.000499251123315
0.412   0.412   0.412   0.000499251123315
0.413   0.413   0.413   0.000499251123315
0.414   0.414   0.414   0.000499251123315
0.415   0.415   0.415   0.000499251123315
0.416   0.416   0.416   0.000499251123315
0.417   0.417   0.417   0.000499251123315
0.418   0.418   0.418   0.000499251123315
0.419   0.419   0.419   0.000499251123315
0.42   0.42   0.42   0.000499251123315
0.421   0.421   0.421   0.000499251123315
0.422   0.422   0.422   0.000499251123315
0.423   0.423   0.423   0.000499251123315
0.424   0.424   0.424   0.000499251123315
0.425   0.425   0.425   0.000499251123315
0.426   0.426   0.426   0.000499251123315
0.427   0.427   0.427   0.000499251123315
0.428   0.428   0.428   0.000499251123315
0.429   0.429   0.429   0.000499251123315
0.43   0.43   0.43   0.000499251123315
0.431   0.431   0.431   0.000499251123315
0.432   0.432   0.432   0.000499251123315
0.433   0.433   0.433   0.000499251123315
0.434   0.434   0.434   0.000499251123315
0.435   0.435   0.435   0.000499251123315
0.436   0.436   0.436   0.000499251123315
0.437   0.437   0.437   0.000499251123315
0.438   0.438   0.438   0.000499251123315
0.439   0.439   0.439   0.000499251123315
0.44   0.44   0.44   0.000499251123315
0.441   0.441   0.441   0.000499251123315
0.442   0.442   0.442   0.000499251123315
0.443   0.443   0.443   0.000499251123315
0.444   0.444   0.444   0.000499251123315
0.445   0.445   0.445   0.000499251123315
0.446   0.446   0.446   0.000499251123315
0.447   0.447   0.447   0.000499251123315
0.448   0.448   0.448   0.000499251123315
0.449   0.449   0.449   0.000499251123315
0.45   0.45   0.45   0.000499251123315
0.451   0.451   0.451   0.000499251123315
0.452   0.452   0.452   0.000499251123315
0.453   0.453   0.453   0.000499251123315
0.454   0.454   0.454   0.000499251123315
0.455   0.455   0.455   0.000499251123315
0.456   0.456   0.456   0.000499251123315
0.457   0.457   0.457   0.000499251123315
0.458   0.458   0.458   0.000499251123315
0.459   0.459   0.459   0.000499251123315
0.46   0.46   0.46   0.000499251123315
0.461   0.461   0.461   0.000499251123315
0.462   0.462   0.462   0.000499251123315
0.463   0.463   0.463   0.000499251123315
0.464   0.464   0.464   0.000499251123315
0.465   0.465   0.465   0.000499251123315
0.466   0.466   0.466   0.000499251123315
0.467   0.467   0.467   0.000499251123315
0.468   0.468   0.468   0.000499251123315
0.469   0.469   0.469   0.000499251123315
0.47   0.47   0.47   0.000499251123315
0.471   0.471   0.471   0.000499251123315
0.472   0.472   0.472   0.000499251123315
0.473   0.473   0.473   0.000499251123315
0.474   0.474   0.474   0.000499251123315
0.475   0.475   0.475   0.000499251123315
0.476   0.476   0.476   0.000499251123315
0.477   0.477   0.477   0.000499251123315
0.478   0.478   0.478   0.000499251123315
0.479   0.479   0.479   0.000499251123315
0.48   0.48   0.48   0.000499251123315
0.481   0.481   0.481   0.000499251123315
0.482   0.482   0.482   0.000499251123315
0.483   0.483   0.483   0.000499251123315
0.484   0.484   0.484   0.000499251123315
0.485   0.485   0.485   0.000499251123315
0.486   0.486   0.486   0.000499251123315
0.487   0.487   0.487   0.000499251123315
0.488   0.488   0.488   0.000499251123315
0.489   0.489   0.489   0.000499251123315
0.49   0.49   0.49   0.000499251123315
0.491   0.491   0.491   0.000499251123315
0.492   0.492   0.492   0.000499251123315
0.493   0.493   0.493   0.000499251123315
0.494   0.494   0.494   0.000499251123315
0.495   0.495   0.495   0.000499251123315
0.496   0.496   0.496   0.000499251123315
0.497   0.497   0.497   0.000499251123315
0.498   0.498   0.498   0.000499251123315
0.499   0.499   0.499   0.000499251123315
0.5   0.5   0.5   0.000499251123315
0.0   0.0   0.0   0.000499251123315
0.000375   0.000375   0.00075   0.000499251123315
0.00075   0.00075   0.0015   0.000499251123315
0.001125   0.001125   0.00225   0.000499251123315
0.0015   0.0015   0.003   0.000499251123315
0.001875   0.001875   0.00375   0.000499251123315
0.00225   0.00225   0.0045   0.000499251123315
0.002625   0.002625   0.00525   0.000499251123315
0.003   0.003   0.006   0.000499251123315
0.003375   0.003375   0.00675   0.000499251123315
0.00375   0.00375   0.0075   0.000499251123315
0.004125   0.004125   0.00825   0.000499251123315
0.0045   0.0045   0.009   0.000499251123315
0.004875   0.004875   0.00975   0.000499251123315
0.00525   0.00525   0.0105   0.000499251123315
0.005625   0.005625   0.01125   0.000499251123315
0.006   0.006   0.012   0.000499251123315
0.006375   0.006375   0.01275   0.000499251123315
0.00675   0.00675   0.0135   0.000499251123315
0.007125   0.007125   0.01425   0.000499251123315
0.0075   0.0075   0.015   0.000499251123315
0.007875   0.007875   0.01575   0.000499251123315
0.00825   0.00825   0.0165   0.000499251123315
0.008625   0.008625   0.01725   0.000499251123315
0.009   0.009   0.018   0.000499251123315
0.009375   0.009375   0.01875   0.000499251123315
0.00975   0.00975   0.0195   0.000499251123315
0.010125   0.010125   0.02025   0.000499251123315
0.0105   0.0105   0.021   0.000499251123315
0.010875   0.010875   0.02175   0.000499251123315
0.01125   0.01125   0.0225   0.000499251123315
0.011625   0.011625   0.02325   0.000499251123315
0.012   0.012   0.024   0.000499251123315
0.012375   0.012375   0.02475   0.000499251123315
0.01275   0.01275   0.0255   0.000499251123315
0.013125   0.013125   0.02625   0.000499251123315
0.0135   0.0135   0.027   0.000499251123315
0.013875   0.013875   0.02775   0.000499251123315
0.01425   0.01425   0.0285   0.000499251123315
0.014625   0.014625   0.02925   0.000499251123315
0.015   0.015   0.03   0.000499251123315
0.015375   0.015375   0.03075   0.000499251123315
0.01575   0.01575   0.0315   0.000499251123315
0.016125   0.016125   0.03225   0.000499251123315
0.0165   0.0165   0.033   0.000499251123315
0.016875   0.016875   0.03375   0.000499251123315
0.01725   0.01725   0.0345   0.000499251123315
0.017625   0.017625   0.03525   0.000499251123315
0.018   0.018   0.036   0.000499251123315
0.018375   0.018375   0.03675   0.000499251123315
0.01875   0.01875   0.0375   0.000499251123315
0.019125   0.019125   0.03825   0.000499251123315
0.0195   0.0195   0.039   0.000499251123315
0.019875   0.019875   0.03975   0.000499251123315
0.02025   0.02025   0.0405   0.000499251123315
0.020625   0.020625   0.04125   0.000499251123315
0.021   0.021   0.042   0.000499251123315
0.021375   0.021375   0.04275   0.000499251123315
0.02175   0.02175   0.0435   0.000499251123315
0.022125   0.022125   0.04425   0.000499251123315
0.0225   0.0225   0.045   0.000499251123315
0.022875   0.022875   0.04575   0.000499251123315
0.02325   0.02325   0.0465   0.000499251123315
0.023625   0.023625   0.04725   0.000499251123315
0.024   0.024   0.048   0.000499251123315
0.024375   0.024375   0.04875   0.000499251123315
0.02475   0.02475   0.0495   0.000499251123315
0.025125   0.025125   0.05025   0.000499251123315
0.0255   0.0255   0.051   0.000499251123315
0.025875   0.025875   0.05175   0.000499251123315
0.02625   0.02625   0.0525   0.000499251123315
0.026625   0.026625   0.05325   0.000499251123315
0.027   0.027   0.054   0.000499251123315
0.027375   0.027375   0.05475   0.000499251123315
0.02775   0.02775   0.0555   0.000499251123315
0.028125   0.028125   0.05625   0.000499251123315
0.0285   0.0285   0.057   0.000499251123315
0.028875   0.028875   0.05775   0.000499251123315
0.02925   0.02925   0.0585   0.000499251123315
0.029625   0.029625   0.05925   0.000499251123315
0.03   0.03   0.06   0.000499251123315
0.030375   0.030375   0.06075   0.000499251123315
0.03075   0.03075   0.0615   0.000499251123315
0.031125   0.031125   0.06225   0.000499251123315
0.0315   0.0315   0.063   0.000499251123315
0.031875   0.031875   0.06375   0.000499251123315
0.03225   0.03225   0.0645   0.000499251123315
0.032625   0.032625   0.06525   0.000499251123315
0.033   0.033   0.066   0.000499251123315
0.033375   0.033375   0.06675   0.000499251123315
0.03375   0.03375   0.0675   0.000499251123315
0.034125   0.034125   0.06825   0.000499251123315
0.0345   0.0345   0.069   0.000499251123315
0.034875   0.034875   0.06975   0.000499251123315
0.03525   0.03525   0.0705   0.000499251123315
0.035625   0.035625   0.07125   0.000499251123315
0.036   0.036   0.072   0.000499251123315
0.036375   0.036375   0.07275   0.000499251123315
0.03675   0.03675   0.0735   0.000499251123315
0.037125   0.037125   0.07425   0.000499251123315
0.0375   0.0375   0.075   0.000499251123315
0.037875   0.037875   0.07575   0.000499251123315
0.03825   0.03825   0.0765   0.000499251123315
0.038625   0.038625   0.07725   0.000499251123315
0.039   0.039   0.078   0.000499251123315
0.039375   0.039375   0.07875   0.000499251123315
0.03975   0.03975   0.0795   0.000499251123315
0.040125   0.040125   0.08025   0.000499251123315
0.0405   0.0405   0.081   0.000499251123315
0.040875   0.040875   0.08175   0.000499251123315
0.04125   0.04125   0.0825   0.000499251123315
0.041625   0.041625   0.08325   0.000499251123315
0.042   0.042   0.084   0.000499251123315
0.042375   0.042375   0.08475   0.000499251123315
0.04275   0.04275   0.0855   0.000499251123315
0.043125   0.043125   0.08625   0.000499251123315
0.0435   0.0435   0.087   0.000499251123315
0.043875   0.043875   0.08775   0.000499251123315
0.04425   0.04425   0.0885   0.000499251123315
0.044625   0.044625   0.08925   0.000499251123315
0.045   0.045   0.09   0.000499251123315
0.045375   0.045375   0.09075   0.000499251123315
0.04575   0.04575   0.0915   0.000499251123315
0.046125   0.046125   0.09225   0.000499251123315
0.0465   0.0465   0.093   0.000499251123315
0.046875   0.046875   0.09375   0.000499251123315
0.04725   0.04725   0.0945   0.000499251123315
0.047625   0.047625   0.09525   0.000499251123315
0.048   0.048   0.096   0.000499251123315
0.048375   0.048375   0.09675   0.000499251123315
0.04875   0.04875   0.0975   0.000499251123315
0.049125   0.049125   0.09825   0.000499251123315
0.0495   0.0495   0.099   0.000499251123315
0.049875   0.049875   0.09975   0.000499251123315
0.05025   0.05025   0.1005   0.000499251123315
0.050625   0.050625   0.10125   0.000499251123315
0.051   0.051   0.102   0.000499251123315
0.051375   0.051375   0.10275   0.000499251123315
0.05175   0.05175   0.1035   0.000499251123315
0.052125   0.052125   0.10425   0.000499251123315
0.0525   0.0525   0.105   0.000499251123315
0.052875   0.052875   0.10575   0.000499251123315
0.05325   0.05325   0.1065   0.000499251123315
0.053625   0.053625   0.10725   0.000499251123315
0.054   0.054   0.108   0.000499251123315
0.054375   0.054375   0.10875   0.000499251123315
0.05475   0.05475   0.1095   0.000499251123315
0.055125   0.055125   0.11025   0.000499251123315
0.0555   0.0555   0.111   0.000499251123315
0.055875   0.055875   0.11175   0.000499251123315
0.05625   0.05625   0.1125   0.000499251123315
0.056625   0.056625   0.11325   0.000499251123315
0.057   0.057   0.114   0.000499251123315
0.057375   0.057375   0.11475   0.000499251123315
0.05775   0.05775   0.1155   0.000499251123315
0.058125   0.058125   0.11625   0.000499251123315
0.0585   0.0585   0.117   0.000499251123315
0.058875   0.058875   0.11775   0.000499251123315
0.05925   0.05925   0.1185   0.000499251123315
0.059625   0.059625   0.11925   0.000499251123315
0.06   0.06   0.12   0.000499251123315
0.060375   0.060375   0.12075   0.000499251123315
0.06075   0.06075   0.1215   0.000499251123315
0.061125   0.061125   0.12225   0.000499251123315
0.0615   0.0615   0.123   0.000499251123315
0.061875   0.061875   0.12375   0.000499251123315
0.06225   0.06225   0.1245   0.000499251123315
0.062625   0.062625   0.12525   0.000499251123315
0.063   0.063   0.126   0.000499251123315
0.063375   0.063375   0.12675   0.000499251123315
0.06375   0.06375   0.1275   0.000499251123315
0.064125   0.064125   0.12825   0.000499251123315
0.0645   0.0645   0.129   0.000499251123315
0.064875   0.064875   0.12975   0.000499251123315
0.06525   0.06525   0.1305   0.000499251123315
0.065625   0.065625   0.13125   0.000499251123315
0.066   0.066   0.132   0.000499251123315
0.066375   0.066375   0.13275   0.000499251123315
0.06675   0.06675   0.1335   0.000499251123315
0.067125   0.067125   0.13425   0.000499251123315
0.0675   0.0675   0.135   0.000499251123315
0.067875   0.067875   0.13575   0.000499251123315
0.06825   0.06825   0.1365   0.000499251123315
0.068625   0.068625   0.13725   0.000499251123315
0.069   0.069   0.138   0.000499251123315
0.069375   0.069375   0.13875   0.000499251123315
0.06975   0.06975   0.1395   0.000499251123315
0.070125   0.070125   0.14025   0.000499251123315
0.0705   0.0705   0.141   0.000499251123315
0.070875   0.070875   0.14175   0.000499251123315
0.07125   0.07125   0.1425   0.000499251123315
0.071625   0.071625   0.14325   0.000499251123315
0.072   0.072   0.144   0.000499251123315
0.072375   0.072375   0.14475   0.000499251123315
0.07275   0.07275   0.1455   0.000499251123315
0.073125   0.073125   0.14625   0.000499251123315
0.0735   0.0735   0.147   0.000499251123315
0.073875   0.073875   0.14775   0.000499251123315
0.07425   0.07425   0.1485   0.000499251123315
0.074625   0.074625   0.14925   0.000499251123315
0.075   0.075   0.15   0.000499251123315
0.075375   0.075375   0.15075   0.000499251123315
0.07575   0.07575   0.1515   0.000499251123315
0.076125   0.076125   0.15225   0.000499251123315
0.0765   0.0765   0.153   0.000499251123315
0.076875   0.076875   0.15375   0.000499251123315
0.07725   0.07725   0.1545   0.000499251123315
0.077625   0.077625   0.15525   0.000499251123315
0.078   0.078   0.156   0.000499251123315
0.078375   0.078375   0.15675   0.000499251123315
0.07875   0.07875   0.1575   0.000499251123315
0.079125   0.079125   0.15825   0.000499251123315
0.0795   0.0795   0.159   0.000499251123315
0.079875   0.079875   0.15975   0.000499251123315
0.08025   0.08025   0.1605   0.000499251123315
0.080625   0.080625   0.16125   0.000499251123315
0.081   0.081   0.162   0.000499251123315
0.081375   0.081375   0.16275   0.000499251123315
0.08175   0.08175   0.1635   0.000499251123315
0.082125   0.082125   0.16425   0.000499251123315
0.0825   0.0825   0.165   0.000499251123315
0.082875   0.082875   0.16575   0.000499251123315
0.08325   0.08325   0.1665   0.000499251123315
0.083625   0.083625   0.16725   0.000499251123315
0.084   0.084   0.168   0.000499251123315
0.084375   0.084375   0.16875   0.000499251123315
0.08475   0.08475   0.1695   0.000499251123315
0.085125   0.085125   0.17025   0.000499251123315
0.0855   0.0855   0.171   0.000499251123315
0.085875   0.085875   0.17175   0.000499251123315
0.08625   0.08625   0.1725   0.000499251123315
0.086625   0.086625   0.17325   0.000499251123315
0.087   0.087   0.174   0.000499251123315
0.087375   0.087375   0.17475   0.000499251123315
0.08775   0.08775   0.1755   0.000499251123315
0.088125   0.088125   0.17625   0.000499251123315
0.0885   0.0885   0.177   0.000499251123315
0.088875   0.088875   0.17775   0.000499251123315
0.08925   0.08925   0.1785   0.000499251123315
0.089625   0.089625   0.17925   0.000499251123315
0.09   0.09   0.18   0.000499251123315
0.090375   0.090375   0.18075   0.000499251123315
0.09075   0.09075   0.1815   0.000499251123315
0.091125   0.091125   0.18225   0.000499251123315
0.0915   0.0915   0.183   0.000499251123315
0.091875   0.091875   0.18375   0.000499251123315
0.09225   0.09225   0.1845   0.000499251123315
0.092625   0.092625   0.18525   0.000499251123315
0.093   0.093   0.186   0.000499251123315
0.093375   0.093375   0.18675   0.000499251123315
0.09375   0.09375   0.1875   0.000499251123315
0.094125   0.094125   0.18825   0.000499251123315
0.0945   0.0945   0.189   0.000499251123315
0.094875   0.094875   0.18975   0.000499251123315
0.09525   0.09525   0.1905   0.000499251123315
0.095625   0.095625   0.19125   0.000499251123315
0.096   0.096   0.192   0.000499251123315
0.096375   0.096375   0.19275   0.000499251123315
0.09675   0.09675   0.1935   0.000499251123315
0.097125   0.097125   0.19425   0.000499251123315
0.0975   0.0975   0.195   0.000499251123315
0.097875   0.097875   0.19575   0.000499251123315
0.09825   0.09825   0.1965   0.000499251123315
0.098625   0.098625   0.19725   0.000499251123315
0.099   0.099   0.198   0.000499251123315
0.099375   0.099375   0.19875   0.000499251123315
0.09975   0.09975   0.1995   0.000499251123315
0.100125   0.100125   0.20025   0.000499251123315
0.1005   0.1005   0.201   0.000499251123315
0.100875   0.100875   0.20175   0.000499251123315
0.10125   0.10125   0.2025   0.000499251123315
0.101625   0.101625   0.20325   0.000499251123315
0.102   0.102   0.204   0.000499251123315
0.102375   0.102375   0.20475   0.000499251123315
0.10275   0.10275   0.2055   0.000499251123315
0.103125   0.103125   0.20625   0.000499251123315
0.1035   0.1035   0.207   0.000499251123315
0.103875   0.103875   0.20775   0.000499251123315
0.10425   0.10425   0.2085   0.000499251123315
0.104625   0.104625   0.20925   0.000499251123315
0.105   0.105   0.21   0.000499251123315
0.105375   0.105375   0.21075   0.000499251123315
0.10575   0.10575   0.2115   0.000499251123315
0.106125   0.106125   0.21225   0.000499251123315
0.1065   0.1065   0.213   0.000499251123315
0.106875   0.106875   0.21375   0.000499251123315
0.10725   0.10725   0.2145   0.000499251123315
0.107625   0.107625   0.21525   0.000499251123315
0.108   0.108   0.216   0.000499251123315
0.108375   0.108375   0.21675   0.000499251123315
0.10875   0.10875   0.2175   0.000499251123315
0.109125   0.109125   0.21825   0.000499251123315
0.1095   0.1095   0.219   0.000499251123315
0.109875   0.109875   0.21975   0.000499251123315
0.11025   0.11025   0.2205   0.000499251123315
0.110625   0.110625   0.22125   0.000499251123315
0.111   0.111   0.222   0.000499251123315
0.111375   0.111375   0.22275   0.000499251123315
0.11175   0.11175   0.2235   0.000499251123315
0.112125   0.112125   0.22425   0.000499251123315
0.1125   0.1125   0.225   0.000499251123315
0.112875   0.112875   0.22575   0.000499251123315
0.11325   0.11325   0.2265   0.000499251123315
0.113625   0.113625   0.22725   0.000499251123315
0.114   0.114   0.228   0.000499251123315
0.114375   0.114375   0.22875   0.000499251123315
0.11475   0.11475   0.2295   0.000499251123315
0.115125   0.115125   0.23025   0.000499251123315
0.1155   0.1155   0.231   0.000499251123315
0.115875   0.115875   0.23175   0.000499251123315
0.11625   0.11625   0.2325   0.000499251123315
0.116625   0.116625   0.23325   0.000499251123315
0.117   0.117   0.234   0.000499251123315
0.117375   0.117375   0.23475   0.000499251123315
0.11775   0.11775   0.2355   0.000499251123315
0.118125   0.118125   0.23625   0.000499251123315
0.1185   0.1185   0.237   0.000499251123315
0.118875   0.118875   0.23775   0.000499251123315
0.11925   0.11925   0.2385   0.000499251123315
0.119625   0.119625   0.23925   0.000499251123315
0.12   0.12   0.24   0.000499251123315
0.120375   0.120375   0.24075   0.000499251123315
0.12075   0.12075   0.2415   0.000499251123315
0.121125   0.121125   0.24225   0.000499251123315
0.1215   0.1215   0.243   0.000499251123315
0.121875   0.121875   0.24375   0.000499251123315
0.12225   0.12225   0.2445   0.000499251123315
0.122625   0.122625   0.24525   0.000499251123315
0.123   0.123   0.246   0.000499251123315
0.123375   0.123375   0.24675   0.000499251123315
0.12375   0.12375   0.2475   0.000499251123315
0.124125   0.124125   0.24825   0.000499251123315
0.1245   0.1245   0.249   0.000499251123315
0.124875   0.124875   0.24975   0.000499251123315
0.12525   0.12525   0.2505   0.000499251123315
0.125625   0.125625   0.25125   0.000499251123315
0.126   0.126   0.252   0.000499251123315
0.126375   0.126375   0.25275   0.000499251123315
0.12675   0.12675   0.2535   0.000499251123315
0.127125   0.127125   0.25425   0.000499251123315
0.1275   0.1275   0.255   0.000499251123315
0.127875   0.127875   0.25575   0.000499251123315
0.12825   0.12825   0.2565   0.000499251123315
0.128625   0.128625   0.25725   0.000499251123315
0.129   0.129   0.258   0.000499251123315
0.129375   0.129375   0.25875   0.000499251123315
0.12975   0.12975   0.2595   0.000499251123315
0.130125   0.130125   0.26025   0.000499251123315
0.1305   0.1305   0.261   0.000499251123315
0.130875   0.130875   0.26175   0.000499251123315
0.13125   0.13125   0.2625   0.000499251123315
0.131625   0.131625   0.26325   0.000499251123315
0.132   0.132   0.264   0.000499251123315
0.132375   0.132375   0.26475   0.000499251123315
0.13275   0.13275   0.2655   0.000499251123315
0.133125   0.133125   0.26625   0.000499251123315
0.1335   0.1335   0.267   0.000499251123315
0.133875   0.133875   0.26775   0.000499251123315
0.13425   0.13425   0.2685   0.000499251123315
0.134625   0.134625   0.26925   0.000499251123315
0.135   0.135   0.27   0.000499251123315
0.135375   0.135375   0.27075   0.000499251123315
0.13575   0.13575   0.2715   0.000499251123315
0.136125   0.136125   0.27225   0.000499251123315
0.1365   0.1365   0.273   0.000499251123315
0.136875   0.136875   0.27375   0.000499251123315
0.13725   0.13725   0.2745   0.000499251123315
0.137625   0.137625   0.27525   0.000499251123315
0.138   0.138   0.276   0.000499251123315
0.138375   0.138375   0.27675   0.000499251123315
0.13875   0.13875   0.2775   0.000499251123315
0.139125   0.139125   0.27825   0.000499251123315
0.1395   0.1395   0.279   0.000499251123315
0.139875   0.139875   0.27975   0.000499251123315
0.14025   0.14025   0.2805   0.000499251123315
0.140625   0.140625   0.28125   0.000499251123315
0.141   0.141   0.282   0.000499251123315
0.141375   0.141375   0.28275   0.000499251123315
0.14175   0.14175   0.2835   0.000499251123315
0.142125   0.142125   0.28425   0.000499251123315
0.1425   0.1425   0.285   0.000499251123315
0.142875   0.142875   0.28575   0.000499251123315
0.14325   0.14325   0.2865   0.000499251123315
0.143625   0.143625   0.28725   0.000499251123315
0.144   0.144   0.288   0.000499251123315
0.144375   0.144375   0.28875   0.000499251123315
0.14475   0.14475   0.2895   0.000499251123315
0.145125   0.145125   0.29025   0.000499251123315
0.1455   0.1455   0.291   0.000499251123315
0.145875   0.145875   0.29175   0.000499251123315
0.14625   0.14625   0.2925   0.000499251123315
0.146625   0.146625   0.29325   0.000499251123315
0.147   0.147   0.294   0.000499251123315
0.147375   0.147375   0.29475   0.000499251123315
0.14775   0.14775   0.2955   0.000499251123315
0.148125   0.148125   0.29625   0.000499251123315
0.1485   0.1485   0.297   0.000499251123315
0.148875   0.148875   0.29775   0.000499251123315
0.14925   0.14925   0.2985   0.000499251123315
0.149625   0.149625   0.29925   0.000499251123315
0.15   0.15   0.3   0.000499251123315
0.150375   0.150375   0.30075   0.000499251123315
0.15075   0.15075   0.3015   0.000499251123315
0.151125   0.151125   0.30225   0.000499251123315
0.1515   0.1515   0.303   0.000499251123315
0.151875   0.151875   0.30375   0.000499251123315
0.15225   0.15225   0.3045   0.000499251123315
0.152625   0.152625   0.30525   0.000499251123315
0.153   0.153   0.306   0.000499251123315
0.153375   0.153375   0.30675   0.000499251123315
0.15375   0.15375   0.3075   0.000499251123315
0.154125   0.154125   0.30825   0.000499251123315
0.1545   0.1545   0.309   0.000499251123315
0.154875   0.154875   0.30975   0.000499251123315
0.15525   0.15525   0.3105   0.000499251123315
0.155625   0.155625   0.31125   0.000499251123315
0.156   0.156   0.312   0.000499251123315
0.156375   0.156375   0.31275   0.000499251123315
0.15675   0.15675   0.3135   0.000499251123315
0.157125   0.157125   0.31425   0.000499251123315
0.1575   0.1575   0.315   0.000499251123315
0.157875   0.157875   0.31575   0.000499251123315
0.15825   0.15825   0.3165   0.000499251123315
0.158625   0.158625   0.31725   0.000499251123315
0.159   0.159   0.318   0.000499251123315
0.159375   0.159375   0.31875   0.000499251123315
0.15975   0.15975   0.3195   0.000499251123315
0.160125   0.160125   0.32025   0.000499251123315
0.1605   0.1605   0.321   0.000499251123315
0.160875   0.160875   0.32175   0.000499251123315
0.16125   0.16125   0.3225   0.000499251123315
0.161625   0.161625   0.32325   0.000499251123315
0.162   0.162   0.324   0.000499251123315
0.162375   0.162375   0.32475   0.000499251123315
0.16275   0.16275   0.3255   0.000499251123315
0.163125   0.163125   0.32625   0.000499251123315
0.1635   0.1635   0.327   0.000499251123315
0.163875   0.163875   0.32775   0.000499251123315
0.16425   0.16425   0.3285   0.000499251123315
0.164625   0.164625   0.32925   0.000499251123315
0.165   0.165   0.33   0.000499251123315
0.165375   0.165375   0.33075   0.000499251123315
0.16575   0.16575   0.3315   0.000499251123315
0.166125   0.166125   0.33225   0.000499251123315
0.1665   0.1665   0.333   0.000499251123315
0.166875   0.166875   0.33375   0.000499251123315
0.16725   0.16725   0.3345   0.000499251123315
0.167625   0.167625   0.33525   0.000499251123315
0.168   0.168   0.336   0.000499251123315
0.168375   0.168375   0.33675   0.000499251123315
0.16875   0.16875   0.3375   0.000499251123315
0.169125   0.169125   0.33825   0.000499251123315
0.1695   0.1695   0.339   0.000499251123315
0.169875   0.169875   0.33975   0.000499251123315
0.17025   0.17025   0.3405   0.000499251123315
0.170625   0.170625   0.34125   0.000499251123315
0.171   0.171   0.342   0.000499251123315
0.171375   0.171375   0.34275   0.000499251123315
0.17175   0.17175   0.3435   0.000499251123315
0.172125   0.172125   0.34425   0.000499251123315
0.1725   0.1725   0.345   0.000499251123315
0.172875   0.172875   0.34575   0.000499251123315
0.17325   0.17325   0.3465   0.000499251123315
0.173625   0.173625   0.34725   0.000499251123315
0.174   0.174   0.348   0.000499251123315
0.174375   0.174375   0.34875   0.000499251123315
0.17475   0.17475   0.3495   0.000499251123315
0.175125   0.175125   0.35025   0.000499251123315
0.1755   0.1755   0.351   0.000499251123315
0.175875   0.175875   0.35175   0.000499251123315
0.17625   0.17625   0.3525   0.000499251123315
0.176625   0.176625   0.35325   0.000499251123315
0.177   0.177   0.354   0.000499251123315
0.177375   0.177375   0.35475   0.000499251123315
0.17775   0.17775   0.3555   0.000499251123315
0.178125   0.178125   0.35625   0.000499251123315
0.1785   0.1785   0.357   0.000499251123315
0.178875   0.178875   0.35775   0.000499251123315
0.17925   0.17925   0.3585   0.000499251123315
0.179625   0.179625   0.35925   0.000499251123315
0.18   0.18   0.36   0.000499251123315
0.180375   0.180375   0.36075   0.000499251123315
0.18075   0.18075   0.3615   0.000499251123315
0.181125   0.181125   0.36225   0.000499251123315
0.1815   0.1815   0.363   0.000499251123315
0.181875   0.181875   0.36375   0.000499251123315
0.18225   0.18225   0.3645   0.000499251123315
0.182625   0.182625   0.36525   0.000499251123315
0.183   0.183   0.366   0.000499251123315
0.183375   0.183375   0.36675   0.000499251123315
0.18375   0.18375   0.3675   0.000499251123315
0.184125   0.184125   0.36825   0.000499251123315
0.1845   0.1845   0.369   0.000499251123315
0.184875   0.184875   0.36975   0.000499251123315
0.18525   0.18525   0.3705   0.000499251123315
0.185625   0.185625   0.37125   0.000499251123315
0.186   0.186   0.372   0.000499251123315
0.186375   0.186375   0.37275   0.000499251123315
0.18675   0.18675   0.3735   0.000499251123315
0.187125   0.187125   0.37425   0.000499251123315
0.1875   0.1875   0.375   0.000499251123315
0.187875   0.187875   0.37575   0.000499251123315
0.18825   0.18825   0.3765   0.000499251123315
0.188625   0.188625   0.37725   0.000499251123315
0.189   0.189   0.378   0.000499251123315
0.189375   0.189375   0.37875   0.000499251123315
0.18975   0.18975   0.3795   0.000499251123315
0.190125   0.190125   0.38025   0.000499251123315
0.1905   0.1905   0.381   0.000499251123315
0.190875   0.190875   0.38175   0.000499251123315
0.19125   0.19125   0.3825   0.000499251123315
0.191625   0.191625   0.38325   0.000499251123315
0.192   0.192   0.384   0.000499251123315
0.192375   0.192375   0.38475   0.000499251123315
0.19275   0.19275   0.3855   0.000499251123315
0.193125   0.193125   0.38625   0.000499251123315
0.1935   0.1935   0.387   0.000499251123315
0.193875   0.193875   0.38775   0.000499251123315
0.19425   0.19425   0.3885   0.000499251123315
0.194625   0.194625   0.38925   0.000499251123315
0.195   0.195   0.39   0.000499251123315
0.195375   0.195375   0.39075   0.000499251123315
0.19575   0.19575   0.3915   0.000499251123315
0.196125   0.196125   0.39225   0.000499251123315
0.1965   0.1965   0.393   0.000499251123315
0.196875   0.196875   0.39375   0.000499251123315
0.19725   0.19725   0.3945   0.000499251123315
0.197625   0.197625   0.39525   0.000499251123315
0.198   0.198   0.396   0.000499251123315
0.198375   0.198375   0.39675   0.000499251123315
0.19875   0.19875   0.3975   0.000499251123315
0.199125   0.199125   0.39825   0.000499251123315
0.1995   0.1995   0.399   0.000499251123315
0.199875   0.199875   0.39975   0.000499251123315
0.20025   0.20025   0.4005   0.000499251123315
0.200625   0.200625   0.40125   0.000499251123315
0.201   0.201   0.402   0.000499251123315
0.201375   0.201375   0.40275   0.000499251123315
0.20175   0.20175   0.4035   0.000499251123315
0.202125   0.202125   0.40425   0.000499251123315
0.2025   0.2025   0.405   0.000499251123315
0.202875   0.202875   0.40575   0.000499251123315
0.20325   0.20325   0.4065   0.000499251123315
0.203625   0.203625   0.40725   0.000499251123315
0.204   0.204   0.408   0.000499251123315
0.204375   0.204375   0.40875   0.000499251123315
0.20475   0.20475   0.4095   0.000499251123315
0.205125   0.205125   0.41025   0.000499251123315
0.2055   0.2055   0.411   0.000499251123315
0.205875   0.205875   0.41175   0.000499251123315
0.20625   0.20625   0.4125   0.000499251123315
0.206625   0.206625   0.41325   0.000499251123315
0.207   0.207   0.414   0.000499251123315
0.207375   0.207375   0.41475   0.000499251123315
0.20775   0.20775   0.4155   0.000499251123315
0.208125   0.208125   0.41625   0.000499251123315
0.2085   0.2085   0.417   0.000499251123315
0.208875   0.208875   0.41775   0.000499251123315
0.20925   0.20925   0.4185   0.000499251123315
0.209625   0.209625   0.41925   0.000499251123315
0.21   0.21   0.42   0.000499251123315
0.210375   0.210375   0.42075   0.000499251123315
0.21075   0.21075   0.4215   0.000499251123315
0.211125   0.211125   0.42225   0.000499251123315
0.2115   0.2115   0.423   0.000499251123315
0.211875   0.211875   0.42375   0.000499251123315
0.21225   0.21225   0.4245   0.000499251123315
0.212625   0.212625   0.42525   0.000499251123315
0.213   0.213   0.426   0.000499251123315
0.213375   0.213375   0.42675   0.000499251123315
0.21375   0.21375   0.4275   0.000499251123315
0.214125   0.214125   0.42825   0.000499251123315
0.2145   0.2145   0.429   0.000499251123315
0.214875   0.214875   0.42975   0.000499251123315
0.21525   0.21525   0.4305   0.000499251123315
0.215625   0.215625   0.43125   0.000499251123315
0.216   0.216   0.432   0.000499251123315
0.216375   0.216375   0.43275   0.000499251123315
0.21675   0.21675   0.4335   0.000499251123315
0.217125   0.217125   0.43425   0.000499251123315
0.2175   0.2175   0.435   0.000499251123315
0.217875   0.217875   0.43575   0.000499251123315
0.21825   0.21825   0.4365   0.000499251123315
0.218625   0.218625   0.43725   0.000499251123315
0.219   0.219   0.438   0.000499251123315
0.219375   0.219375   0.43875   0.000499251123315
0.21975   0.21975   0.4395   0.000499251123315
0.220125   0.220125   0.44025   0.000499251123315
0.2205   0.2205   0.441   0.000499251123315
0.220875   0.220875   0.44175   0.000499251123315
0.22125   0.22125   0.4425   0.000499251123315
0.221625   0.221625   0.44325   0.000499251123315
0.222   0.222   0.444   0.000499251123315
0.222375   0.222375   0.44475   0.000499251123315
0.22275   0.22275   0.4455   0.000499251123315
0.223125   0.223125   0.44625   0.000499251123315
0.2235   0.2235   0.447   0.000499251123315
0.223875   0.223875   0.44775   0.000499251123315
0.22425   0.22425   0.4485   0.000499251123315
0.224625   0.224625   0.44925   0.000499251123315
0.225   0.225   0.45   0.000499251123315
0.225375   0.225375   0.45075   0.000499251123315
0.22575   0.22575   0.4515   0.000499251123315
0.226125   0.226125   0.45225   0.000499251123315
0.2265   0.2265   0.453   0.000499251123315
0.226875   0.226875   0.45375   0.000499251123315
0.22725   0.22725   0.4545   0.000499251123315
0.227625   0.227625   0.45525   0.000499251123315
0.228   0.228   0.456   0.000499251123315
0.228375   0.228375   0.45675   0.000499251123315
0.22875   0.22875   0.4575   0.000499251123315
0.229125   0.229125   0.45825   0.000499251123315
0.2295   0.2295   0.459   0.000499251123315
0.229875   0.229875   0.45975   0.000499251123315
0.23025   0.23025   0.4605   0.000499251123315
0.230625   0.230625   0.46125   0.000499251123315
0.231   0.231   0.462   0.000499251123315
0.231375   0.231375   0.46275   0.000499251123315
0.23175   0.23175   0.4635   0.000499251123315
0.232125   0.232125   0.46425   0.000499251123315
0.2325   0.2325   0.465   0.000499251123315
0.232875   0.232875   0.46575   0.000499251123315
0.23325   0.23325   0.4665   0.000499251123315
0.233625   0.233625   0.46725   0.000499251123315
0.234   0.234   0.468   0.000499251123315
0.234375   0.234375   0.46875   0.000499251123315
0.23475   0.23475   0.4695   0.000499251123315
0.235125   0.235125   0.47025   0.000499251123315
0.2355   0.2355   0.471   0.000499251123315
0.235875   0.235875   0.47175   0.000499251123315
0.23625   0.23625   0.4725   0.000499251123315
0.236625   0.236625   0.47325   0.000499251123315
0.237   0.237   0.474   0.000499251123315
0.237375   0.237375   0.47475   0.000499251123315
0.23775   0.23775   0.4755   0.000499251123315
0.238125   0.238125   0.47625   0.000499251123315
0.2385   0.2385   0.477   0.000499251123315
0.238875   0.238875   0.47775   0.000499251123315
0.23925   0.23925   0.4785   0.000499251123315
0.239625   0.239625   0.47925   0.000499251123315
0.24   0.24   0.48   0.000499251123315
0.240375   0.240375   0.48075   0.000499251123315
0.24075   0.24075   0.4815   0.000499251123315
0.241125   0.241125   0.48225   0.000499251123315
0.2415   0.2415   0.483   0.000499251123315
0.241875   0.241875   0.48375   0.000499251123315
0.24225   0.24225   0.4845   0.000499251123315
0.242625   0.242625   0.48525   0.000499251123315
0.243   0.243   0.486   0.000499251123315
0.243375   0.243375   0.48675   0.000499251123315
0.24375   0.24375   0.4875   0.000499251123315
0.244125   0.244125   0.48825   0.000499251123315
0.2445   0.2445   0.489   0.000499251123315
0.244875   0.244875   0.48975   0.000499251123315
0.24525   0.24525   0.4905   0.000499251123315
0.245625   0.245625   0.49125   0.000499251123315
0.246   0.246   0.492   0.000499251123315
0.246375   0.246375   0.49275   0.000499251123315
0.24675   0.24675   0.4935   0.000499251123315
0.247125   0.247125   0.49425   0.000499251123315
0.2475   0.2475   0.495   0.000499251123315
0.247875   0.247875   0.49575   0.000499251123315
0.24825   0.24825   0.4965   0.000499251123315
0.248625   0.248625   0.49725   0.000499251123315
0.249   0.249   0.498   0.000499251123315
0.249375   0.249375   0.49875   0.000499251123315
0.24975   0.24975   0.4995   0.000499251123315
0.250125   0.250125   0.50025   0.000499251123315
0.2505   0.2505   0.501   0.000499251123315
0.250875   0.250875   0.50175   0.000499251123315
0.25125   0.25125   0.5025   0.000499251123315
0.251625   0.251625   0.50325   0.000499251123315
0.252   0.252   0.504   0.000499251123315
0.252375   0.252375   0.50475   0.000499251123315
0.25275   0.25275   0.5055   0.000499251123315
0.253125   0.253125   0.50625   0.000499251123315
0.2535   0.2535   0.507   0.000499251123315
0.253875   0.253875   0.50775   0.000499251123315
0.25425   0.25425   0.5085   0.000499251123315
0.254625   0.254625   0.50925   0.000499251123315
0.255   0.255   0.51   0.000499251123315
0.255375   0.255375   0.51075   0.000499251123315
0.25575   0.25575   0.5115   0.000499251123315
0.256125   0.256125   0.51225   0.000499251123315
0.2565   0.2565   0.513   0.000499251123315
0.256875   0.256875   0.51375   0.000499251123315
0.25725   0.25725   0.5145   0.000499251123315
0.257625   0.257625   0.51525   0.000499251123315
0.258   0.258   0.516   0.000499251123315
0.258375   0.258375   0.51675   0.000499251123315
0.25875   0.25875   0.5175   0.000499251123315
0.259125   0.259125   0.51825   0.000499251123315
0.2595   0.2595   0.519   0.000499251123315
0.259875   0.259875   0.51975   0.000499251123315
0.26025   0.26025   0.5205   0.000499251123315
0.260625   0.260625   0.52125   0.000499251123315
0.261   0.261   0.522   0.000499251123315
0.261375   0.261375   0.52275   0.000499251123315
0.26175   0.26175   0.5235   0.000499251123315
0.262125   0.262125   0.52425   0.000499251123315
0.2625   0.2625   0.525   0.000499251123315
0.262875   0.262875   0.52575   0.000499251123315
0.26325   0.26325   0.5265   0.000499251123315
0.263625   0.263625   0.52725   0.000499251123315
0.264   0.264   0.528   0.000499251123315
0.264375   0.264375   0.52875   0.000499251123315
0.26475   0.26475   0.5295   0.000499251123315
0.265125   0.265125   0.53025   0.000499251123315
0.2655   0.2655   0.531   0.000499251123315
0.265875   0.265875   0.53175   0.000499251123315
0.26625   0.26625   0.5325   0.000499251123315
0.266625   0.266625   0.53325   0.000499251123315
0.267   0.267   0.534   0.000499251123315
0.267375   0.267375   0.53475   0.000499251123315
0.26775   0.26775   0.5355   0.000499251123315
0.268125   0.268125   0.53625   0.000499251123315
0.2685   0.2685   0.537   0.000499251123315
0.268875   0.268875   0.53775   0.000499251123315
0.26925   0.26925   0.5385   0.000499251123315
0.269625   0.269625   0.53925   0.000499251123315
0.27   0.27   0.54   0.000499251123315
0.270375   0.270375   0.54075   0.000499251123315
0.27075   0.27075   0.5415   0.000499251123315
0.271125   0.271125   0.54225   0.000499251123315
0.2715   0.2715   0.543   0.000499251123315
0.271875   0.271875   0.54375   0.000499251123315
0.27225   0.27225   0.5445   0.000499251123315
0.272625   0.272625   0.54525   0.000499251123315
0.273   0.273   0.546   0.000499251123315
0.273375   0.273375   0.54675   0.000499251123315
0.27375   0.27375   0.5475   0.000499251123315
0.274125   0.274125   0.54825   0.000499251123315
0.2745   0.2745   0.549   0.000499251123315
0.274875   0.274875   0.54975   0.000499251123315
0.27525   0.27525   0.5505   0.000499251123315
0.275625   0.275625   0.55125   0.000499251123315
0.276   0.276   0.552   0.000499251123315
0.276375   0.276375   0.55275   0.000499251123315
0.27675   0.27675   0.5535   0.000499251123315
0.277125   0.277125   0.55425   0.000499251123315
0.2775   0.2775   0.555   0.000499251123315
0.277875   0.277875   0.55575   0.000499251123315
0.27825   0.27825   0.5565   0.000499251123315
0.278625   0.278625   0.55725   0.000499251123315
0.279   0.279   0.558   0.000499251123315
0.279375   0.279375   0.55875   0.000499251123315
0.27975   0.27975   0.5595   0.000499251123315
0.280125   0.280125   0.56025   0.000499251123315
0.2805   0.2805   0.561   0.000499251123315
0.280875   0.280875   0.56175   0.000499251123315
0.28125   0.28125   0.5625   0.000499251123315
0.281625   0.281625   0.56325   0.000499251123315
0.282   0.282   0.564   0.000499251123315
0.282375   0.282375   0.56475   0.000499251123315
0.28275   0.28275   0.5655   0.000499251123315
0.283125   0.283125   0.56625   0.000499251123315
0.2835   0.2835   0.567   0.000499251123315
0.283875   0.283875   0.56775   0.000499251123315
0.28425   0.28425   0.5685   0.000499251123315
0.284625   0.284625   0.56925   0.000499251123315
0.285   0.285   0.57   0.000499251123315
0.285375   0.285375   0.57075   0.000499251123315
0.28575   0.28575   0.5715   0.000499251123315
0.286125   0.286125   0.57225   0.000499251123315
0.2865   0.2865   0.573   0.000499251123315
0.286875   0.286875   0.57375   0.000499251123315
0.28725   0.28725   0.5745   0.000499251123315
0.287625   0.287625   0.57525   0.000499251123315
0.288   0.288   0.576   0.000499251123315
0.288375   0.288375   0.57675   0.000499251123315
0.28875   0.28875   0.5775   0.000499251123315
0.289125   0.289125   0.57825   0.000499251123315
0.2895   0.2895   0.579   0.000499251123315
0.289875   0.289875   0.57975   0.000499251123315
0.29025   0.29025   0.5805   0.000499251123315
0.290625   0.290625   0.58125   0.000499251123315
0.291   0.291   0.582   0.000499251123315
0.291375   0.291375   0.58275   0.000499251123315
0.29175   0.29175   0.5835   0.000499251123315
0.292125   0.292125   0.58425   0.000499251123315
0.2925   0.2925   0.585   0.000499251123315
0.292875   0.292875   0.58575   0.000499251123315
0.29325   0.29325   0.5865   0.000499251123315
0.293625   0.293625   0.58725   0.000499251123315
0.294   0.294   0.588   0.000499251123315
0.294375   0.294375   0.58875   0.000499251123315
0.29475   0.29475   0.5895   0.000499251123315
0.295125   0.295125   0.59025   0.000499251123315
0.2955   0.2955   0.591   0.000499251123315
0.295875   0.295875   0.59175   0.000499251123315
0.29625   0.29625   0.5925   0.000499251123315
0.296625   0.296625   0.59325   0.000499251123315
0.297   0.297   0.594   0.000499251123315
0.297375   0.297375   0.59475   0.000499251123315
0.29775   0.29775   0.5955   0.000499251123315
0.298125   0.298125   0.59625   0.000499251123315
0.2985   0.2985   0.597   0.000499251123315
0.298875   0.298875   0.59775   0.000499251123315
0.29925   0.29925   0.5985   0.000499251123315
0.299625   0.299625   0.59925   0.000499251123315
0.3   0.3   0.6   0.000499251123315
0.300375   0.300375   0.60075   0.000499251123315
0.30075   0.30075   0.6015   0.000499251123315
0.301125   0.301125   0.60225   0.000499251123315
0.3015   0.3015   0.603   0.000499251123315
0.301875   0.301875   0.60375   0.000499251123315
0.30225   0.30225   0.6045   0.000499251123315
0.302625   0.302625   0.60525   0.000499251123315
0.303   0.303   0.606   0.000499251123315
0.303375   0.303375   0.60675   0.000499251123315
0.30375   0.30375   0.6075   0.000499251123315
0.304125   0.304125   0.60825   0.000499251123315
0.3045   0.3045   0.609   0.000499251123315
0.304875   0.304875   0.60975   0.000499251123315
0.30525   0.30525   0.6105   0.000499251123315
0.305625   0.305625   0.61125   0.000499251123315
0.306   0.306   0.612   0.000499251123315
0.306375   0.306375   0.61275   0.000499251123315
0.30675   0.30675   0.6135   0.000499251123315
0.307125   0.307125   0.61425   0.000499251123315
0.3075   0.3075   0.615   0.000499251123315
0.307875   0.307875   0.61575   0.000499251123315
0.30825   0.30825   0.6165   0.000499251123315
0.308625   0.308625   0.61725   0.000499251123315
0.309   0.309   0.618   0.000499251123315
0.309375   0.309375   0.61875   0.000499251123315
0.30975   0.30975   0.6195   0.000499251123315
0.310125   0.310125   0.62025   0.000499251123315
0.3105   0.3105   0.621   0.000499251123315
0.310875   0.310875   0.62175   0.000499251123315
0.31125   0.31125   0.6225   0.000499251123315
0.311625   0.311625   0.62325   0.000499251123315
0.312   0.312   0.624   0.000499251123315
0.312375   0.312375   0.62475   0.000499251123315
0.31275   0.31275   0.6255   0.000499251123315
0.313125   0.313125   0.62625   0.000499251123315
0.3135   0.3135   0.627   0.000499251123315
0.313875   0.313875   0.62775   0.000499251123315
0.31425   0.31425   0.6285   0.000499251123315
0.314625   0.314625   0.62925   0.000499251123315
0.315   0.315   0.63   0.000499251123315
0.315375   0.315375   0.63075   0.000499251123315
0.31575   0.31575   0.6315   0.000499251123315
0.316125   0.316125   0.63225   0.000499251123315
0.3165   0.3165   0.633   0.000499251123315
0.316875   0.316875   0.63375   0.000499251123315
0.31725   0.31725   0.6345   0.000499251123315
0.317625   0.317625   0.63525   0.000499251123315
0.318   0.318   0.636   0.000499251123315
0.318375   0.318375   0.63675   0.000499251123315
0.31875   0.31875   0.6375   0.000499251123315
0.319125   0.319125   0.63825   0.000499251123315
0.3195   0.3195   0.639   0.000499251123315
0.319875   0.319875   0.63975   0.000499251123315
0.32025   0.32025   0.6405   0.000499251123315
0.320625   0.320625   0.64125   0.000499251123315
0.321   0.321   0.642   0.000499251123315
0.321375   0.321375   0.64275   0.000499251123315
0.32175   0.32175   0.6435   0.000499251123315
0.322125   0.322125   0.64425   0.000499251123315
0.3225   0.3225   0.645   0.000499251123315
0.322875   0.322875   0.64575   0.000499251123315
0.32325   0.32325   0.6465   0.000499251123315
0.323625   0.323625   0.64725   0.000499251123315
0.324   0.324   0.648   0.000499251123315
0.324375   0.324375   0.64875   0.000499251123315
0.32475   0.32475   0.6495   0.000499251123315
0.325125   0.325125   0.65025   0.000499251123315
0.3255   0.3255   0.651   0.000499251123315
0.325875   0.325875   0.65175   0.000499251123315
0.32625   0.32625   0.6525   0.000499251123315
0.326625   0.326625   0.65325   0.000499251123315
0.327   0.327   0.654   0.000499251123315
0.327375   0.327375   0.65475   0.000499251123315
0.32775   0.32775   0.6555   0.000499251123315
0.328125   0.328125   0.65625   0.000499251123315
0.3285   0.3285   0.657   0.000499251123315
0.328875   0.328875   0.65775   0.000499251123315
0.32925   0.32925   0.6585   0.000499251123315
0.329625   0.329625   0.65925   0.000499251123315
0.33   0.33   0.66   0.000499251123315
0.330375   0.330375   0.66075   0.000499251123315
0.33075   0.33075   0.6615   0.000499251123315
0.331125   0.331125   0.66225   0.000499251123315
0.3315   0.3315   0.663   0.000499251123315
0.331875   0.331875   0.66375   0.000499251123315
0.33225   0.33225   0.6645   0.000499251123315
0.332625   0.332625   0.66525   0.000499251123315
0.333   0.333   0.666   0.000499251123315
0.333375   0.333375   0.66675   0.000499251123315
0.33375   0.33375   0.6675   0.000499251123315
0.334125   0.334125   0.66825   0.000499251123315
0.3345   0.3345   0.669   0.000499251123315
0.334875   0.334875   0.66975   0.000499251123315
0.33525   0.33525   0.6705   0.000499251123315
0.335625   0.335625   0.67125   0.000499251123315
0.336   0.336   0.672   0.000499251123315
0.336375   0.336375   0.67275   0.000499251123315
0.33675   0.33675   0.6735   0.000499251123315
0.337125   0.337125   0.67425   0.000499251123315
0.3375   0.3375   0.675   0.000499251123315
0.337875   0.337875   0.67575   0.000499251123315
0.33825   0.33825   0.6765   0.000499251123315
0.338625   0.338625   0.67725   0.000499251123315
0.339   0.339   0.678   0.000499251123315
0.339375   0.339375   0.67875   0.000499251123315
0.33975   0.33975   0.6795   0.000499251123315
0.340125   0.340125   0.68025   0.000499251123315
0.3405   0.3405   0.681   0.000499251123315
0.340875   0.340875   0.68175   0.000499251123315
0.34125   0.34125   0.6825   0.000499251123315
0.341625   0.341625   0.68325   0.000499251123315
0.342   0.342   0.684   0.000499251123315
0.342375   0.342375   0.68475   0.000499251123315
0.34275   0.34275   0.6855   0.000499251123315
0.343125   0.343125   0.68625   0.000499251123315
0.3435   0.3435   0.687   0.000499251123315
0.343875   0.343875   0.68775   0.000499251123315
0.34425   0.34425   0.6885   0.000499251123315
0.344625   0.344625   0.68925   0.000499251123315
0.345   0.345   0.69   0.000499251123315
0.345375   0.345375   0.69075   0.000499251123315
0.34575   0.34575   0.6915   0.000499251123315
0.346125   0.346125   0.69225   0.000499251123315
0.3465   0.3465   0.693   0.000499251123315
0.346875   0.346875   0.69375   0.000499251123315
0.34725   0.34725   0.6945   0.000499251123315
0.347625   0.347625   0.69525   0.000499251123315
0.348   0.348   0.696   0.000499251123315
0.348375   0.348375   0.69675   0.000499251123315
0.34875   0.34875   0.6975   0.000499251123315
0.349125   0.349125   0.69825   0.000499251123315
0.3495   0.3495   0.699   0.000499251123315
0.349875   0.349875   0.69975   0.000499251123315
0.35025   0.35025   0.7005   0.000499251123315
0.350625   0.350625   0.70125   0.000499251123315
0.351   0.351   0.702   0.000499251123315
0.351375   0.351375   0.70275   0.000499251123315
0.35175   0.35175   0.7035   0.000499251123315
0.352125   0.352125   0.70425   0.000499251123315
0.3525   0.3525   0.705   0.000499251123315
0.352875   0.352875   0.70575   0.000499251123315
0.35325   0.35325   0.7065   0.000499251123315
0.353625   0.353625   0.70725   0.000499251123315
0.354   0.354   0.708   0.000499251123315
0.354375   0.354375   0.70875   0.000499251123315
0.35475   0.35475   0.7095   0.000499251123315
0.355125   0.355125   0.71025   0.000499251123315
0.3555   0.3555   0.711   0.000499251123315
0.355875   0.355875   0.71175   0.000499251123315
0.35625   0.35625   0.7125   0.000499251123315
0.356625   0.356625   0.71325   0.000499251123315
0.357   0.357   0.714   0.000499251123315
0.357375   0.357375   0.71475   0.000499251123315
0.35775   0.35775   0.7155   0.000499251123315
0.358125   0.358125   0.71625   0.000499251123315
0.3585   0.3585   0.717   0.000499251123315
0.358875   0.358875   0.71775   0.000499251123315
0.35925   0.35925   0.7185   0.000499251123315
0.359625   0.359625   0.71925   0.000499251123315
0.36   0.36   0.72   0.000499251123315
0.360375   0.360375   0.72075   0.000499251123315
0.36075   0.36075   0.7215   0.000499251123315
0.361125   0.361125   0.72225   0.000499251123315
0.3615   0.3615   0.723   0.000499251123315
0.361875   0.361875   0.72375   0.000499251123315
0.36225   0.36225   0.7245   0.000499251123315
0.362625   0.362625   0.72525   0.000499251123315
0.363   0.363   0.726   0.000499251123315
0.363375   0.363375   0.72675   0.000499251123315
0.36375   0.36375   0.7275   0.000499251123315
0.364125   0.364125   0.72825   0.000499251123315
0.3645   0.3645   0.729   0.000499251123315
0.364875   0.364875   0.72975   0.000499251123315
0.36525   0.36525   0.7305   0.000499251123315
0.365625   0.365625   0.73125   0.000499251123315
0.366   0.366   0.732   0.000499251123315
0.366375   0.366375   0.73275   0.000499251123315
0.36675   0.36675   0.7335   0.000499251123315
0.367125   0.367125   0.73425   0.000499251123315
0.3675   0.3675   0.735   0.000499251123315
0.367875   0.367875   0.73575   0.000499251123315
0.36825   0.36825   0.7365   0.000499251123315
0.368625   0.368625   0.73725   0.000499251123315
0.369   0.369   0.738   0.000499251123315
0.369375   0.369375   0.73875   0.000499251123315
0.36975   0.36975   0.7395   0.000499251123315
0.370125   0.370125   0.74025   0.000499251123315
0.3705   0.3705   0.741   0.000499251123315
0.370875   0.370875   0.74175   0.000499251123315
0.37125   0.37125   0.7425   0.000499251123315
0.371625   0.371625   0.74325   0.000499251123315
0.372   0.372   0.744   0.000499251123315
0.372375   0.372375   0.74475   0.000499251123315
0.37275   0.37275   0.7455   0.000499251123315
0.373125   0.373125   0.74625   0.000499251123315
0.3735   0.3735   0.747   0.000499251123315
0.373875   0.373875   0.74775   0.000499251123315
0.37425   0.37425   0.7485   0.000499251123315
0.374625   0.374625   0.74925   0.000499251123315
0.375   0.375   0.75   0.000499251123315
