1 -128.55237268 
2 -128.76504816 
3 -128.72205634 
4 -128.76608830 
5 -128.77560425 
6 -128.76280812 
7 -128.76160485 
8 -128.77074857 
9 -128.76680829 
10 -128.76758454 
11 -128.76447041 
12 -128.76683290 
13 -128.76625156 
14 -128.76461460 
15 -128.76515613 
16 -128.76581564 
17 -128.76568347 
18 -128.76484359 
19 -128.76548971 
20 -128.76566020 
21 -128.76581940 
22 -128.76516071 
23 -128.76504782 
24 -128.76622241 
25 -128.76545125 
26 -128.76491180 
27 -128.76532941 
28 -128.76576052 
29 -128.76524094 
30 -128.76562380 

