1 -1133.62570036 
2 -1133.98975994 
3 -1133.97686926 
4 -1133.92338593 
5 -1133.90697955 
6 -1133.92899513 
7 -1133.91989928 
8 -1133.91171089 
9 -1133.90928602
10 -1133.90290708 
11 -1133.91293106 
12 -1133.91222593 
13 -1133.91311647 
14 -1133.91240256 
15 -1133.90729293 
16 -1133.91257368 
17 -1133.91188834 
18 -1133.91109578 
19 -1133.90837243 
20 -1133.90892758 
21 -1133.91113390 
22 -1133.91097382 
23 -1133.91047555 
24 -1133.90980421 
25 -1133.90923660 
26 -1133.91040625 
27 -1133.91063250 
28 -1133.90945582 
29 -1133.91023360 
30 -1133.90925560 

