   1   1   2   0   0   0
   2   2   4   0   0   0
   3   3   6   0   0   0
   4   4   8   0   0   0
    5    5   10    0    0    0
    6    6   12    0    0    0
    7    7   14    0    0    0
    8    8   16    0    0    0
    9    9   18    0    0    0
   10   10   20    0    0    0
   11   11   22    0    0    0
   12   12   24    0    0    0
   13   13   26    0    0    0
   14   14   28    0    0    0
   15   15   30    0    0    0
   16   16   32    0    0    0
   17   17   34    0    0    0
   18   18   36    0    0    0
   19   19   38    0    0    0
   20   20   40    0    0    0
