&input
  amass(1)=12.011,
  amass(2)=14.007,
  amass(3)=1.008,
  amass(4)=207.2,
  amass(5)=126.905,
  flfrc = 'mapbi.222.fc'
  flfrq = 'mapbi.freq'
  q_in_cryst_coord = .true.
  asr   = 'crystal'
/
40
 0.0000163 -0.0009997 -0.0000153
-0.0000028 -0.0009993  0.0000386
-0.0000310 -0.0009988 -0.0000392
 0.0000584 -0.0009983  0.0000095
-0.0000560 -0.0009977  0.0000368
 0.0000182 -0.0009973 -0.0000718
 0.0000382 -0.0009968  0.0000709
-0.0000817 -0.0009963 -0.0000285
 0.0000846 -0.0009958 -0.0000364
-0.0000400 -0.0009953  0.0000888
-0.0000320 -0.0009947 -0.0000972
 0.0000934 -0.0009943  0.0000523
-0.0001087 -0.0009938  0.0000255
 0.0000653 -0.0009932 -0.0000958
 0.0000172 -0.0009928  0.0001190
-0.0000962 -0.0009923 -0.0000787
 0.0001280 -0.0009918 -0.0000071
-0.0000922 -0.0009913  0.0000945
 0.0000043 -0.0009908 -0.0001356
 0.0000908 -0.0009903  0.0001057
-0.0001418 -0.0009897 -0.0000170
 0.0001188 -0.0009893 -0.0000852
-0.0000307 -0.0009888  0.0001464
-0.0000779 -0.0009883 -0.0001315
 0.0001493 -0.0009878  0.0000453
-0.0001435 -0.0009873  0.0000688
 0.0000605 -0.0009867 -0.0001506
 0.0000582 -0.0009863  0.0001547
-0.0001500 -0.0009858 -0.0000761
 0.0001648 -0.0009853 -0.0000460
-0.0000920 -0.0009847  0.0001477
-0.0000325 -0.0009843 -0.0001738
 0.0001435 -0.0009838  0.0001079
-0.0001814 -0.0009833  0.0000177
 0.0001236 -0.0009828 -0.0001376
 0.0000018 -0.0009823  0.0001876
-0.0001298 -0.0009817 -0.0001390
 0.0001922 -0.0009813  0.0000150
-0.0001538 -0.0009808  0.0001203
 0.0000326 -0.0009803 -0.0001951
