&input
  asr   = 'crystal',
  amass(1)=12.011,
  amass(2)=14.007,
  amass(3)=1.008,
  amass(4)=207.2,
  amass(5)=126.905,
  flfrc = 'mapbi.222.fc', 
  flfrq = 'mapbi.freq', 
  q_in_cryst_coord = .true.
/
341
0.5  0.0 0.0 
0.495  0.0 0.0 
0.49  0.0 0.0 
0.485  0.0 0.0 
0.48  0.0 0.0 
0.475  0.0 0.0 
0.47  0.0 0.0 
0.465  0.0 0.0 
0.46  0.0 0.0 
0.455  0.0 0.0 
0.45  0.0 0.0 
0.445  0.0 0.0 
0.44  0.0 0.0 
0.435  0.0 0.0 
0.43  0.0 0.0 
0.425  0.0 0.0 
0.42  0.0 0.0 
0.415  0.0 0.0 
0.41  0.0 0.0 
0.405  0.0 0.0 
0.4  0.0 0.0 
0.395  0.0 0.0 
0.39  0.0 0.0 
0.385  0.0 0.0 
0.38  0.0 0.0 
0.375  0.0 0.0 
0.37  0.0 0.0 
0.365  0.0 0.0 
0.36  0.0 0.0 
0.355  0.0 0.0 
0.35  0.0 0.0 
0.345  0.0 0.0 
0.34  0.0 0.0 
0.335  0.0 0.0 
0.33  0.0 0.0 
0.325  0.0 0.0 
0.32  0.0 0.0 
0.315  0.0 0.0 
0.31  0.0 0.0 
0.305  0.0 0.0 
0.3  0.0 0.0 
0.295  0.0 0.0 
0.29  0.0 0.0 
0.285  0.0 0.0 
0.28  0.0 0.0 
0.275  0.0 0.0 
0.27  0.0 0.0 
0.265  0.0 0.0 
0.26  0.0 0.0 
0.255  0.0 0.0 
0.25  0.0 0.0 
0.245  0.0 0.0 
0.24  0.0 0.0 
0.235  0.0 0.0 
0.23  0.0 0.0 
0.225  0.0 0.0 
0.22  0.0 0.0 
0.215  0.0 0.0 
0.21  0.0 0.0 
0.205  0.0 0.0 
0.2  0.0 0.0 
0.195  0.0 0.0 
0.19  0.0 0.0 
0.185  0.0 0.0 
0.18  0.0 0.0 
0.175  0.0 0.0 
0.17  0.0 0.0 
0.165  0.0 0.0 
0.16  0.0 0.0 
0.155  0.0 0.0 
0.15  0.0 0.0 
0.145  0.0 0.0 
0.14  0.0 0.0 
0.135  0.0 0.0 
0.13  0.0 0.0 
0.125  0.0 0.0 
0.12  0.0 0.0 
0.115  0.0 0.0 
0.11  0.0 0.0 
0.105  0.0 0.0 
0.1  0.0 0.0 
0.095  0.0 0.0 
0.09  0.0 0.0 
0.085  0.0 0.0 
0.08  0.0 0.0 
0.075  0.0 0.0 
0.07  0.0 0.0 
0.065  0.0 0.0 
0.06  0.0 0.0 
0.055  0.0 0.0 
0.05  0.0 0.0 
0.045  0.0 0.0 
0.04  0.0 0.0 
0.035  0.0 0.0 
0.03  0.0 0.0 
0.025  0.0 0.0 
0.02  0.0 0.0 
0.015  0.0 0.0 
0.01  0.0 0.0 
0.005  0.0 0.0 
0.0  0.0 0.0 
0.0 0.00714285714286  0.0 
0.0 0.0142857142857  0.0 
0.0 0.0214285714286  0.0 
0.0 0.0285714285714  0.0 
0.0 0.0357142857143  0.0 
0.0 0.0428571428571  0.0 
0.0 0.05  0.0 
0.0 0.0571428571429  0.0 
0.0 0.0642857142857  0.0 
0.0 0.0714285714286  0.0 
0.0 0.0785714285714  0.0 
0.0 0.0857142857143  0.0 
0.0 0.0928571428571  0.0 
0.0 0.1  0.0 
0.0 0.107142857143  0.0 
0.0 0.114285714286  0.0 
0.0 0.121428571429  0.0 
0.0 0.128571428571  0.0 
0.0 0.135714285714  0.0 
0.0 0.142857142857  0.0 
0.0 0.15  0.0 
0.0 0.157142857143  0.0 
0.0 0.164285714286  0.0 
0.0 0.171428571429  0.0 
0.0 0.178571428571  0.0 
0.0 0.185714285714  0.0 
0.0 0.192857142857  0.0 
0.0 0.2  0.0 
0.0 0.207142857143  0.0 
0.0 0.214285714286  0.0 
0.0 0.221428571429  0.0 
0.0 0.228571428571  0.0 
0.0 0.235714285714  0.0 
0.0 0.242857142857  0.0 
0.0 0.25  0.0 
0.0 0.257142857143  0.0 
0.0 0.264285714286  0.0 
0.0 0.271428571429  0.0 
0.0 0.278571428571  0.0 
0.0 0.285714285714  0.0 
0.0 0.292857142857  0.0 
0.0 0.3  0.0 
0.0 0.307142857143  0.0 
0.0 0.314285714286  0.0 
0.0 0.321428571429  0.0 
0.0 0.328571428571  0.0 
0.0 0.335714285714  0.0 
0.0 0.342857142857  0.0 
0.0 0.35  0.0 
0.0 0.357142857143  0.0 
0.0 0.364285714286  0.0 
0.0 0.371428571429  0.0 
0.0 0.378571428571  0.0 
0.0 0.385714285714  0.0 
0.0 0.392857142857  0.0 
0.0 0.4  0.0 
0.0 0.407142857143  0.0 
0.0 0.414285714286  0.0 
0.0 0.421428571429  0.0 
0.0 0.428571428571  0.0 
0.0 0.435714285714  0.0 
0.0 0.442857142857  0.0 
0.0 0.45  0.0 
0.0 0.457142857143  0.0 
0.0 0.464285714286  0.0 
0.0 0.471428571429  0.0 
0.0 0.478571428571  0.0 
0.0 0.485714285714  0.0 
0.0 0.492857142857  0.0 
0.0 0.5  0.0 
0.0  0.492857142857  0.0 
0.0  0.485714285714  0.0 
0.0  0.478571428571  0.0 
0.0  0.471428571429  0.0 
0.0  0.464285714286  0.0 
0.0  0.457142857143  0.0 
0.0  0.45  0.0 
0.0  0.442857142857  0.0 
0.0  0.435714285714  0.0 
0.0  0.428571428571  0.0 
0.0  0.421428571429  0.0 
0.0  0.414285714286  0.0 
0.0  0.407142857143  0.0 
0.0  0.4  0.0 
0.0  0.392857142857  0.0 
0.0  0.385714285714  0.0 
0.0  0.378571428571  0.0 
0.0  0.371428571429  0.0 
0.0  0.364285714286  0.0 
0.0  0.357142857143  0.0 
0.0  0.35  0.0 
0.0  0.342857142857  0.0 
0.0  0.335714285714  0.0 
0.0  0.328571428571  0.0 
0.0  0.321428571429  0.0 
0.0  0.314285714286  0.0 
0.0  0.307142857143  0.0 
0.0  0.3  0.0 
0.0  0.292857142857  0.0 
0.0  0.285714285714  0.0 
0.0  0.278571428571  0.0 
0.0  0.271428571429  0.0 
0.0  0.264285714286  0.0 
0.0  0.257142857143  0.0 
0.0  0.25  0.0 
0.0  0.242857142857  0.0 
0.0  0.235714285714  0.0 
0.0  0.228571428571  0.0 
0.0  0.221428571429  0.0 
0.0  0.214285714286  0.0 
0.0  0.207142857143  0.0 
0.0  0.2  0.0 
0.0  0.192857142857  0.0 
0.0  0.185714285714  0.0 
0.0  0.178571428571  0.0 
0.0  0.171428571429  0.0 
0.0  0.164285714286  0.0 
0.0  0.157142857143  0.0 
0.0  0.15  0.0 
0.0  0.142857142857  0.0 
0.0  0.135714285714  0.0 
0.0  0.128571428571  0.0 
0.0  0.121428571429  0.0 
0.0  0.114285714286  0.0 
0.0  0.107142857143  0.0 
0.0  0.1  0.0 
0.0  0.0928571428571  0.0 
0.0  0.0857142857143  0.0 
0.0  0.0785714285714  0.0 
0.0  0.0714285714286  0.0 
0.0  0.0642857142857  0.0 
0.0  0.0571428571429  0.0 
0.0  0.05  0.0 
0.0  0.0428571428571  0.0 
0.0  0.0357142857143  0.0 
0.0  0.0285714285714  0.0 
0.0  0.0214285714286  0.0 
0.0  0.0142857142857  0.0 
0.0  0.00714285714286  0.0 
0.0  5.55111512313e-17  0.0 
0.0 0.0  0.005
0.0 0.0  0.01
0.0 0.0  0.015
0.0 0.0  0.02
0.0 0.0  0.025
0.0 0.0  0.03
0.0 0.0  0.035
0.0 0.0  0.04
0.0 0.0  0.045
0.0 0.0  0.05
0.0 0.0  0.055
0.0 0.0  0.06
0.0 0.0  0.065
0.0 0.0  0.07
0.0 0.0  0.075
0.0 0.0  0.08
0.0 0.0  0.085
0.0 0.0  0.09
0.0 0.0  0.095
0.0 0.0  0.1
0.0 0.0  0.105
0.0 0.0  0.11
0.0 0.0  0.115
0.0 0.0  0.12
0.0 0.0  0.125
0.0 0.0  0.13
0.0 0.0  0.135
0.0 0.0  0.14
0.0 0.0  0.145
0.0 0.0  0.15
0.0 0.0  0.155
0.0 0.0  0.16
0.0 0.0  0.165
0.0 0.0  0.17
0.0 0.0  0.175
0.0 0.0  0.18
0.0 0.0  0.185
0.0 0.0  0.19
0.0 0.0  0.195
0.0 0.0  0.2
0.0 0.0  0.205
0.0 0.0  0.21
0.0 0.0  0.215
0.0 0.0  0.22
0.0 0.0  0.225
0.0 0.0  0.23
0.0 0.0  0.235
0.0 0.0  0.24
0.0 0.0  0.245
0.0 0.0  0.25
0.0 0.0  0.255
0.0 0.0  0.26
0.0 0.0  0.265
0.0 0.0  0.27
0.0 0.0  0.275
0.0 0.0  0.28
0.0 0.0  0.285
0.0 0.0  0.29
0.0 0.0  0.295
0.0 0.0  0.3
0.0 0.0  0.305
0.0 0.0  0.31
0.0 0.0  0.315
0.0 0.0  0.32
0.0 0.0  0.325
0.0 0.0  0.33
0.0 0.0  0.335
0.0 0.0  0.34
0.0 0.0  0.345
0.0 0.0  0.35
0.0 0.0  0.355
0.0 0.0  0.36
0.0 0.0  0.365
0.0 0.0  0.37
0.0 0.0  0.375
0.0 0.0  0.38
0.0 0.0  0.385
0.0 0.0  0.39
0.0 0.0  0.395
0.0 0.0  0.4
0.0 0.0  0.405
0.0 0.0  0.41
0.0 0.0  0.415
0.0 0.0  0.42
0.0 0.0  0.425
0.0 0.0  0.43
0.0 0.0  0.435
0.0 0.0  0.44
0.0 0.0  0.445
0.0 0.0  0.45
0.0 0.0  0.455
0.0 0.0  0.46
0.0 0.0  0.465
0.0 0.0  0.47
0.0 0.0  0.475
0.0 0.0  0.48
0.0 0.0  0.485
0.0 0.0  0.49
0.0 0.0  0.495
0.0 0.0  0.5
